0 1.067656e-04
0.093 8.192311e-05
0.186 6.168372e-05
0.279 4.784947e-05
0.372 3.702122e-05
0.465 2.826168e-05
0.558 2.135349e-05
0.651 1.587658e-05
0.744 1.173000e-05
0.837 8.552110e-06
0.93 6.247795e-06
1.023 4.557854e-06
1.116 3.399725e-06
1.209 2.586394e-06
1.302 2.045312e-06
1.395 1.681166e-06
1.488 1.446632e-06
1.581 1.290005e-06
1.674 1.189217e-06
1.767 1.122776e-06
1.86 1.080275e-06
1.953 1.052034e-06
2.046 1.033533e-06
2.139 1.020817e-06
2.232 1.012210e-06
2.325 1.006037e-06
2.418 1.001707e-06
2.511 9.985969e-07
2.604 9.963750e-07
2.697 9.947400e-07
2.79 9.935305e-07
2.883 9.926460e-07
2.976 9.920164e-07
3.069 9.915609e-07
3.162 9.912173e-07
3.255 9.909559e-07
3.348 9.907661e-07
3.441 9.906254e-07
3.534 9.905126e-07
3.627 9.904265e-07
3.72 9.903616e-07
3.813 9.903123e-07
3.906 9.902746e-07
3.999 7.252426e+00
4.092 5.602843e+00
4.185 4.375053e+00
4.278 3.446255e+00
4.371 2.704065e+00
4.464 2.166558e+00
4.557 1.735257e+00
4.65 1.413292e+00
4.743 1.158542e+00
4.836 9.624795e-01
4.929 7.967815e-01
5.022 6.820360e-01
5.115 5.825413e-01
5.208 5.146945e-01
5.301 4.574887e-01
5.394 4.218282e-01
5.487 3.883294e-01
5.58 3.827824e-01
5.673 3.790435e-01
5.766 3.883262e-01
5.859 3.965955e-01
5.952 4.303408e-01
6.045 4.612394e-01
6.138 5.162886e-01
6.231 5.693351e-01
6.324 6.463811e-01
6.417 7.152741e-01
6.51 8.300368e-01
6.603 9.230290e-01
6.696 1.076959e+00
6.789 1.215868e+00
6.882 1.424393e+00
6.975 1.540235e+00
7.068 1.570759e+00
7.161 1.548856e+00
7.254 1.494897e+00
7.347 1.422076e+00
7.44 1.345590e+00
7.533 1.262877e+00
7.626 1.195245e+00
7.719 1.125973e+00
7.812 1.079122e+00
7.905 1.028396e+00
7.998 1.014285e+00
8.091 1.016011e+00
8.184 9.837556e-01
8.277 9.528443e-01
8.37 9.120898e-01
8.463 8.794299e-01
8.556 8.464613e-01
8.649 8.242412e-01
8.742 8.056539e-01
8.835 7.982781e-01
8.928 7.955256e-01
9.021 8.034332e-01
9.114 8.158705e-01
9.207 8.377739e-01
9.3 8.629334e-01
9.393 8.955867e-01
9.486 9.293590e-01
9.579 9.679047e-01
9.672 1.004493e+00
9.765 1.041041e+00
9.858 1.068791e+00
9.951 1.091329e+00
10.044 1.103843e+00
10.137 1.111637e+00
10.23 1.111578e+00
10.323 1.109246e+00
10.416 1.101888e+00
10.509 1.094462e+00
10.602 1.084217e+00
10.695 1.075315e+00
10.788 1.064841e+00
10.881 1.056442e+00
10.974 1.045672e+00
11.067 1.034489e+00
11.16 1.020189e+00
11.253 1.006098e+00
11.346 9.904962e-01
11.439 9.767271e-01
11.532 9.632062e-01
11.625 9.528497e-01
11.718 9.439213e-01
11.811 9.388667e-01
11.904 9.357159e-01
11.997 9.364946e-01
12.09 9.390834e-01
12.183 9.448462e-01
12.276 9.513621e-01
12.369 9.600899e-01
12.462 9.687046e-01
12.555 9.786260e-01
12.648 9.875396e-01
12.741 9.968664e-01
12.834 1.004475e+00
12.927 1.011957e+00
13.02 1.017437e+00
13.113 1.022641e+00
13.206 1.025880e+00
13.299 1.028913e+00
13.392 1.030145e+00
13.485 1.031280e+00
13.578 1.030762e+00
13.671 1.030207e+00
13.764 1.028071e+00
13.857 1.025854e+00
13.95 1.022094e+00
14.043 1.018343e+00
14.136 1.013340e+00
14.229 1.008694e+00
14.322 1.003280e+00
14.415 9.986794e-01
14.508 9.938013e-01
14.601 9.901205e-01
14.694 9.865150e-01
14.787 9.843185e-01
14.88 9.823483e-01
14.973 9.817925e-01
15.066 9.813958e-01
15.159 9.822460e-01
15.252 9.830844e-01
15.345 9.849599e-01
15.438 9.866354e-01
15.531 9.891383e-01
15.624 9.912608e-01
15.717 9.940209e-01
15.81 9.962466e-01
15.903 9.989524e-01
15.996 1.001003e+00
16.089 1.003407e+00
16.182 1.005061e+00
16.275 1.006964e+00
16.368 1.008044e+00
16.461 1.009294e+00
16.554 1.009681e+00
16.647 1.010194e+00
16.74 1.009844e+00
16.833 1.009625e+00
16.926 1.008601e+00
17.019 1.007773e+00
17.112 1.006257e+00
17.205 1.005052e+00
17.298 1.003306e+00
17.391 1.001998e+00
17.484 1.000291e+00
17.577 9.991304e-01
17.67 9.976790e-01
17.763 9.968398e-01
17.856 9.957707e-01
17.949 9.953342e-01
18.042 9.946862e-01
18.135 9.946586e-01
18.228 9.944113e-01
18.321 9.947534e-01
18.414 9.948520e-01
18.507 9.954969e-01
18.6 9.958632e-01
18.693 9.967242e-01
18.786 9.972633e-01
18.879 9.982389e-01
18.972 9.988441e-01
19.065 9.998250e-01
19.158 1.000387e+00
19.251 1.001268e+00
19.344 1.001689e+00
19.437 1.002384e+00
19.53 1.002594e+00
19.623 1.003052e+00
19.716 1.003019e+00
19.809 1.003228e+00
19.902 1.002961e+00
19.995 1.002951e+00
20.088 1.002496e+00
20.181 1.002324e+00
20.274 1.001749e+00
20.367 1.001488e+00
20.46 1.000866e+00
20.553 1.000587e+00
20.646 9.999839e-01
20.739 9.997473e-01
20.832 9.992149e-01
20.925 9.990637e-01
21.018 9.986366e-01
21.111 9.985975e-01
21.204 9.982941e-01
21.297 9.983781e-01
21.39 9.982016e-01
21.483 9.984046e-01
21.576 9.983433e-01
21.669 9.986469e-01
21.762 9.986760e-01
21.855 9.990500e-01
21.948 9.991346e-01
22.041 9.995414e-01
22.134 9.996424e-01
22.227 1.000043e+00
22.32 1.000124e+00
22.413 1.000485e+00
22.506 1.000515e+00
22.599 1.000813e+00
22.692 1.000777e+00
22.785 1.001000e+00
22.878 1.000890e+00
22.971 1.001039e+00
23.064 1.000862e+00
23.157 1.000947e+00
23.25 1.000716e+00
23.343 1.000754e+00
23.436 1.000488e+00
23.529 1.000498e+00
23.622 1.000218e+00
23.715 1.000220e+00
23.808 9.999447e-01
23.901 9.999575e-01
23.994 9.997036e-01
24.087 9.997420e-01
24.18 9.995218e-01
24.273 9.995957e-01
24.366 9.994162e-01
24.459 9.995297e-01
24.552 9.993919e-01
24.645 9.995431e-01
24.738 9.994423e-01
24.831 9.996243e-01
24.924 9.995515e-01
25.017 9.997537e-01
25.11 9.996973e-01
25.203 9.999076e-01
25.296 9.998553e-01
25.389 1.000062e+00
25.482 1.000003e+00
25.575 1.000197e+00
25.668 1.000123e+00
25.761 1.000297e+00
25.854 1.000202e+00
25.947 1.000353e+00
26.04 1.000238e+00
26.133 1.000365e+00
26.226 1.000229e+00
26.319 1.000337e+00
26.412 1.000185e+00
26.505 1.000277e+00
26.598 1.000113e+00
26.691 1.000196e+00
26.784 1.000028e+00
26.877 1.000108e+00
26.97 9.999420e-01
27.063 1.000025e+00
27.156 9.998662e-01
27.249 9.999572e-01
27.342 9.998097e-01
27.435 9.999117e-01
27.528 9.997775e-01
27.621 9.998916e-01
27.714 9.997707e-01
27.807 9.998962e-01
27.9 9.997871e-01
27.993 9.999217e-01
28.086 9.998213e-01
28.179 9.999618e-01
28.272 9.998668e-01
28.365 1.000010e+00
28.458 9.999161e-01
28.551 1.000058e+00
28.644 9.999625e-01
28.737 1.000100e+00
28.83 1.000000e+00
28.923 1.000131e+00
29.016 1.000026e+00
29.109 1.000150e+00
29.202 1.000038e+00
29.295 1.000154e+00
29.388 1.000036e+00
29.481 1.000145e+00
29.574 1.000022e+00
29.667 1.000126e+00
29.76 9.999995e-01
29.853 1.000100e+00
29.946 9.999727e-01
30.039 1.000072e+00
30.132 9.999454e-01
30.225 1.000046e+00
30.318 9.999214e-01
30.411 1.000024e+00
30.504 9.999033e-01
30.597 1.000009e+00
30.69 9.998928e-01
30.783 1.000003e+00
30.876 9.998902e-01
30.969 1.000003e+00
31.062 9.998950e-01
31.155 1.000011e+00
31.248 9.999056e-01
31.341 1.000024e+00
31.434 9.999201e-01
31.527 1.000039e+00
31.62 9.999360e-01
31.713 1.000054e+00
31.806 9.999514e-01
31.899 1.000068e+00
31.992 9.999642e-01
32.085 1.000079e+00
32.178 9.999732e-01
32.271 1.000086e+00
32.364 9.999777e-01
32.457 1.000088e+00
32.55 9.999776e-01
32.643 1.000085e+00
32.736 9.999735e-01
32.829 1.000079e+00
32.922 9.999663e-01
33.015 1.000071e+00
33.108 9.999572e-01
33.201 1.000061e+00
33.294 9.999476e-01
33.387 1.000052e+00
33.48 9.999388e-01
33.573 1.000043e+00
33.666 9.999317e-01
33.759 1.000037e+00
33.852 9.999270e-01
33.945 1.000034e+00
34.038 9.999252e-01
34.131 1.000033e+00
34.224 9.999262e-01
34.317 1.000036e+00
34.41 9.999298e-01
34.503 1.000040e+00
34.596 9.999352e-01
34.689 1.000046e+00
34.782 9.999418e-01
34.875 1.000053e+00
34.968 9.999488e-01
35.061 1.000060e+00
35.154 9.999552e-01
35.247 1.000066e+00
35.34 9.999604e-01
35.433 1.000070e+00
35.526 9.999638e-01
35.619 1.000072e+00
