0 3.755575e-04
0.093 3.737675e-04
0.186 3.721362e-04
0.279 3.709702e-04
0.372 3.700156e-04
0.465 3.692175e-04
0.558 3.685564e-04
0.651 3.680045e-04
0.744 3.675594e-04
0.837 3.671956e-04
0.93 3.669109e-04
1.023 3.666847e-04
1.116 3.665154e-04
1.209 3.663852e-04
1.302 3.662905e-04
1.395 3.662204e-04
1.488 3.661710e-04
1.581 3.661349e-04
1.674 3.661098e-04
1.767 3.660918e-04
1.86 3.660795e-04
1.953 3.660707e-04
2.046 3.660646e-04
2.139 3.660602e-04
2.232 3.660571e-04
2.325 3.660549e-04
2.418 3.660532e-04
2.511 3.660520e-04
2.604 3.660512e-04
2.697 3.660505e-04
2.79 3.660500e-04
2.883 3.660496e-04
2.976 3.660493e-04
3.069 3.660490e-04
3.162 3.660489e-04
3.255 3.660487e-04
3.348 3.660486e-04
3.441 3.660485e-04
3.534 3.660484e-04
3.627 3.660484e-04
3.72 3.660483e-04
3.813 3.660483e-04
3.906 3.660483e-04
3.999 6.678040e+00
4.092 5.397886e+00
4.185 4.409281e+00
4.278 3.609906e+00
4.371 2.945229e+00
4.464 2.450697e+00
4.557 2.031325e+00
4.65 1.708308e+00
4.743 1.452066e+00
4.836 1.231245e+00
4.929 1.037731e+00
5.022 8.975734e-01
5.115 7.698092e-01
5.208 6.784989e-01
5.301 5.962781e-01
5.394 5.387096e-01
5.487 4.853458e-01
5.58 4.564904e-01
5.673 4.285755e-01
5.766 4.166042e-01
5.859 4.036274e-01
5.952 4.092616e-01
6.045 4.128823e-01
6.138 4.334506e-01
6.231 4.518501e-01
6.324 4.878378e-01
6.417 5.169679e-01
6.51 5.776060e-01
6.603 6.306752e-01
6.696 7.140554e-01
6.789 7.880771e-01
6.882 9.069339e-01
6.975 9.904037e-01
7.068 1.061284e+00
7.161 1.105879e+00
7.254 1.146091e+00
7.347 1.168779e+00
7.44 1.195707e+00
7.533 1.202597e+00
7.626 1.232747e+00
7.719 1.240935e+00
7.812 1.282606e+00
7.905 1.292342e+00
7.998 1.370779e+00
8.091 1.474653e+00
8.184 1.473902e+00
8.277 1.455815e+00
8.37 1.391264e+00
8.463 1.327455e+00
8.556 1.244938e+00
8.649 1.172545e+00
8.742 1.094891e+00
8.835 1.030464e+00
8.928 9.667478e-01
9.021 9.162865e-01
9.114 8.688612e-01
9.207 8.337435e-01
9.3 8.022693e-01
9.393 7.818438e-01
9.486 7.649455e-01
9.579 7.578273e-01
9.672 7.538709e-01
9.765 7.583747e-01
9.858 7.647983e-01
9.951 7.781999e-01
10.044 7.928516e-01
10.137 8.135305e-01
10.23 8.348250e-01
10.323 8.613391e-01
10.416 8.877182e-01
10.509 9.183201e-01
10.602 9.478290e-01
10.695 9.803483e-01
10.788 1.010517e+00
10.881 1.042452e+00
10.974 1.069638e+00
11.067 1.094740e+00
11.16 1.112543e+00
11.253 1.127314e+00
11.346 1.135119e+00
11.439 1.140588e+00
11.532 1.140354e+00
11.625 1.138883e+00
11.718 1.133042e+00
11.811 1.127038e+00
11.904 1.117755e+00
11.997 1.108989e+00
12.09 1.098175e+00
12.183 1.086930e+00
12.276 1.071853e+00
12.369 1.055993e+00
12.462 1.037212e+00
12.555 1.018895e+00
12.648 9.992913e-01
12.741 9.815501e-01
12.834 9.639414e-01
12.927 9.492155e-01
13.02 9.355667e-01
13.113 9.253629e-01
13.206 9.167133e-01
13.299 9.116720e-01
13.392 9.082807e-01
13.485 9.083529e-01
13.578 9.098803e-01
13.671 9.144960e-01
13.764 9.201518e-01
13.857 9.283377e-01
13.95 9.369964e-01
14.043 9.475578e-01
14.136 9.580105e-01
14.229 9.697723e-01
14.322 9.808919e-01
14.415 9.927782e-01
14.508 1.003536e+00
14.601 1.014561e+00
14.694 1.024017e+00
14.787 1.033286e+00
14.88 1.040608e+00
14.973 1.047347e+00
15.066 1.051809e+00
15.159 1.055388e+00
15.252 1.056570e+00
15.345 1.056847e+00
15.438 1.054906e+00
15.531 1.052297e+00
15.624 1.047851e+00
15.717 1.043109e+00
15.81 1.036983e+00
15.903 1.030959e+00
15.996 1.023987e+00
16.089 1.017465e+00
16.182 1.010350e+00
16.275 1.003924e+00
16.368 9.971622e-01
16.461 9.912943e-01
16.554 9.853428e-01
16.647 9.804880e-01
16.74 9.757794e-01
16.833 9.723327e-01
16.926 9.692004e-01
17.019 9.674226e-01
17.112 9.660397e-01
17.205 9.660150e-01
17.298 9.663707e-01
17.391 9.679989e-01
17.484 9.699049e-01
17.577 9.729207e-01
17.67 9.760418e-01
17.763 9.800536e-01
17.856 9.839527e-01
17.949 9.884940e-01
18.042 9.926901e-01
18.135 9.972826e-01
18.228 1.001315e+00
18.321 1.005528e+00
18.414 1.009006e+00
18.507 1.012496e+00
18.6 1.015126e+00
18.693 1.017650e+00
18.786 1.019246e+00
18.879 1.020673e+00
18.972 1.021155e+00
19.065 1.021457e+00
19.158 1.020851e+00
19.251 1.020107e+00
19.344 1.018542e+00
19.437 1.016928e+00
19.53 1.014627e+00
19.623 1.012405e+00
19.716 1.009653e+00
19.809 1.007123e+00
19.902 1.004227e+00
19.995 1.001689e+00
20.088 9.989318e-01
20.181 9.966475e-01
20.274 9.942614e-01
20.367 9.924314e-01
20.46 9.905826e-01
20.553 9.893400e-01
20.646 9.881276e-01
20.739 9.875395e-01
20.832 9.869988e-01
20.925 9.870703e-01
21.018 9.871761e-01
21.111 9.878548e-01
21.204 9.885282e-01
21.297 9.897120e-01
21.39 9.908299e-01
21.483 9.923782e-01
21.576 9.937860e-01
21.669 9.955348e-01
21.762 9.970624e-01
21.855 9.988404e-01
21.948 1.000320e+00
22.041 1.001966e+00
22.134 1.003247e+00
22.227 1.004626e+00
22.32 1.005592e+00
22.413 1.006608e+00
22.506 1.007184e+00
22.599 1.007785e+00
22.692 1.007942e+00
22.785 1.008120e+00
22.878 1.007872e+00
22.971 1.007661e+00
23.064 1.007057e+00
23.157 1.006523e+00
23.25 1.005644e+00
23.343 1.004877e+00
23.436 1.003821e+00
23.529 1.002924e+00
23.622 1.001798e+00
23.715 1.000879e+00
23.808 9.997862e-01
23.901 9.989453e-01
23.994 9.979779e-01
24.087 9.972970e-01
24.18 9.965265e-01
24.273 9.960645e-01
24.366 9.955361e-01
24.459 9.953250e-01
24.552 9.950565e-01
24.645 9.951006e-01
24.738 9.950836e-01
24.831 9.953630e-01
24.924 9.955666e-01
25.017 9.960410e-01
25.11 9.964171e-01
25.203 9.970321e-01
25.296 9.975212e-01
25.389 9.982142e-01
25.482 9.987522e-01
25.575 9.994592e-01
25.668 9.999832e-01
25.761 1.000644e+00
25.854 1.001099e+00
25.947 1.001664e+00
26.04 1.002004e+00
26.133 1.002436e+00
26.226 1.002633e+00
26.319 1.002911e+00
26.412 1.002952e+00
26.505 1.003071e+00
26.598 1.002959e+00
26.691 1.002930e+00
26.784 1.002683e+00
26.877 1.002529e+00
26.97 1.002176e+00
27.063 1.001930e+00
27.156 1.001507e+00
27.249 1.001208e+00
27.342 1.000755e+00
27.435 1.000443e+00
27.528 9.999977e-01
27.621 9.997099e-01
27.714 9.993076e-01
27.807 9.990753e-01
27.9 9.987435e-01
27.993 9.985899e-01
28.086 9.983469e-01
28.179 9.982857e-01
28.272 9.981400e-01
28.365 9.981748e-01
28.458 9.981251e-01
28.551 9.982499e-01
28.644 9.982859e-01
28.737 9.984867e-01
28.83 9.985912e-01
28.923 9.988482e-01
29.016 9.989990e-01
29.109 9.992887e-01
29.202 9.994614e-01
29.295 9.997593e-01
29.388 9.999300e-01
29.481 1.000213e+00
29.574 1.000360e+00
29.667 1.000608e+00
29.76 1.000714e+00
29.853 1.000913e+00
29.946 1.000965e+00
30.039 1.001106e+00
30.132 1.001099e+00
30.225 1.001179e+00
30.318 1.001114e+00
30.411 1.001136e+00
30.504 1.001018e+00
30.597 1.000991e+00
30.69 1.000830e+00
30.783 1.000766e+00
30.876 1.000576e+00
30.969 1.000489e+00
31.062 1.000287e+00
31.155 1.000193e+00
31.248 9.999912e-01
31.341 9.999050e-01
31.434 9.997192e-01
31.527 9.996536e-01
31.62 9.994946e-01
31.713 9.994594e-01
31.806 9.993353e-01
31.899 9.993365e-01
31.992 9.992513e-01
32.085 9.992912e-01
32.178 9.992451e-01
32.271 9.993220e-01
32.364 9.993114e-01
32.457 9.994201e-01
32.55 9.994385e-01
32.643 9.995712e-01
32.736 9.996097e-01
32.829 9.997569e-01
32.922 9.998053e-01
33.015 9.999566e-01
33.108 1.000004e+00
33.201 1.000150e+00
33.294 1.000188e+00
33.387 1.000318e+00
33.48 1.000337e+00
33.573 1.000446e+00
33.666 1.000441e+00
33.759 1.000523e+00
33.852 1.000490e+00
33.945 1.000544e+00
34.038 1.000484e+00
34.131 1.000510e+00
34.224 1.000424e+00
34.317 1.000427e+00
34.41 1.000320e+00
34.503 1.000304e+00
34.596 1.000184e+00
34.689 1.000157e+00
34.782 1.000030e+00
34.875 1.000000e+00
34.968 9.998747e-01
35.061 9.998505e-01
35.154 9.997342e-01
35.247 9.997228e-01
35.34 9.996225e-01
35.433 9.996299e-01
35.526 9.995508e-01
35.619 9.995810e-01
