0 3.377265e-05
0.093 3.294562e-05
0.186 3.220714e-05
0.279 3.167554e-05
0.372 3.123707e-05
0.465 3.086800e-05
0.558 3.055959e-05
0.651 3.030133e-05
0.744 3.009144e-05
0.837 2.991887e-05
0.93 2.978254e-05
1.023 2.967346e-05
1.116 2.959070e-05
1.209 2.952646e-05
1.302 2.947872e-05
1.395 2.944284e-05
1.488 2.941689e-05
1.581 2.939754e-05
1.674 2.938363e-05
1.767 2.937343e-05
1.86 2.936621e-05
1.953 2.936093e-05
2.046 2.935716e-05
2.139 2.935436e-05
2.232 2.935233e-05
2.325 2.935079e-05
2.418 2.934966e-05
2.511 2.934880e-05
2.604 2.934815e-05
2.697 2.934765e-05
2.79 2.934726e-05
2.883 2.934696e-05
2.976 2.934673e-05
3.069 2.934655e-05
3.162 2.934641e-05
3.255 2.934630e-05
3.348 2.934622e-05
3.441 2.934615e-05
3.534 2.934609e-05
3.627 2.934604e-05
3.72 2.934601e-05
3.813 2.934598e-05
3.906 2.934596e-05
3.999 6.043212e+00
4.092 4.937477e+00
4.185 4.063032e+00
4.278 3.362386e+00
4.371 2.773580e+00
4.464 2.324848e+00
4.557 1.945250e+00
4.65 1.648403e+00
4.743 1.404788e+00
4.836 1.204476e+00
4.929 1.028653e+00
5.022 8.990199e-01
5.115 7.825373e-01
5.208 6.974780e-01
5.301 6.223232e-01
5.394 5.694432e-01
5.487 5.199571e-01
5.58 4.960541e-01
5.673 4.743723e-01
5.766 4.664613e-01
5.859 4.580537e-01
5.952 4.699075e-01
6.045 4.801290e-01
6.138 5.084607e-01
6.231 5.358443e-01
6.324 5.810839e-01
6.417 6.213040e-01
6.51 6.933425e-01
6.603 7.558376e-01
6.696 8.555538e-01
6.789 9.494413e-01
6.882 1.091675e+00
6.975 1.190329e+00
7.068 1.250440e+00
7.161 1.278995e+00
7.254 1.288044e+00
7.347 1.279658e+00
7.44 1.265703e+00
7.533 1.238907e+00
7.626 1.221815e+00
7.719 1.194523e+00
7.812 1.184688e+00
7.905 1.161792e+00
7.998 1.175084e+00
8.091 1.205376e+00
8.184 1.188633e+00
8.277 1.166888e+00
8.37 1.124992e+00
8.463 1.085982e+00
8.556 1.039481e+00
8.649 1.000255e+00
8.742 9.599078e-01
8.835 9.285373e-01
8.928 8.988870e-01
9.021 8.783741e-01
9.114 8.607167e-01
9.207 8.517449e-01
9.3 8.457393e-01
9.393 8.475657e-01
9.486 8.519050e-01
9.579 8.629550e-01
9.672 8.756295e-01
9.765 8.931872e-01
9.858 9.097781e-01
9.951 9.287231e-01
10.044 9.454012e-01
10.137 9.634062e-01
10.23 9.787528e-01
10.323 9.951565e-01
10.416 1.008917e+00
10.509 1.023605e+00
10.602 1.035713e+00
10.695 1.048577e+00
10.788 1.058767e+00
10.881 1.069582e+00
10.974 1.076613e+00
11.067 1.081806e+00
11.16 1.081883e+00
11.253 1.079915e+00
11.346 1.073604e+00
11.439 1.066268e+00
11.532 1.056005e+00
11.625 1.045964e+00
11.718 1.034355e+00
11.811 1.024032e+00
11.904 1.013168e+00
11.997 1.004269e+00
12.09 9.956027e-01
12.183 9.888391e-01
12.276 9.819068e-01
12.369 9.766859e-01
12.462 9.714036e-01
12.555 9.679221e-01
12.648 9.645588e-01
12.741 9.630540e-01
12.834 9.617559e-01
12.927 9.622888e-01
13.02 9.630217e-01
13.113 9.654724e-01
13.206 9.680188e-01
13.299 9.720806e-01
13.392 9.760368e-01
13.485 9.812204e-01
13.578 9.860140e-01
13.671 9.916802e-01
13.764 9.966110e-01
13.857 1.002000e+00
13.95 1.006284e+00
14.043 1.010677e+00
14.136 1.013741e+00
14.229 1.016746e+00
14.322 1.018382e+00
14.415 1.019951e+00
14.508 1.020244e+00
14.601 1.020556e+00
14.694 1.019742e+00
14.787 1.019065e+00
14.88 1.017417e+00
14.973 1.016004e+00
15.066 1.013731e+00
15.159 1.011752e+00
15.252 1.009027e+00
15.345 1.006697e+00
15.438 1.003784e+00
15.531 1.001406e+00
15.624 9.986253e-01
15.717 9.965219e-01
15.81 9.941774e-01
15.903 9.926177e-01
15.996 9.909286e-01
16.089 9.900777e-01
16.182 9.891445e-01
16.275 9.890350e-01
16.368 9.888254e-01
16.461 9.893778e-01
16.554 9.897754e-01
16.647 9.908471e-01
16.74 9.916882e-01
16.833 9.931029e-01
16.926 9.942049e-01
17.019 9.957824e-01
17.112 9.969719e-01
17.205 9.985502e-01
17.298 9.996789e-01
17.391 1.001125e+00
17.484 1.002074e+00
17.577 1.003283e+00
17.67 1.003963e+00
17.763 1.004861e+00
17.856 1.005212e+00
17.949 1.005753e+00
18.042 1.005745e+00
18.135 1.005921e+00
18.228 1.005569e+00
18.321 1.005418e+00
18.414 1.004782e+00
18.507 1.004381e+00
18.6 1.003551e+00
18.693 1.003001e+00
18.786 1.002084e+00
18.879 1.001489e+00
18.972 1.000581e+00
19.065 1.000031e+00
19.158 9.992119e-01
19.251 9.987747e-01
19.344 9.980991e-01
19.437 9.978183e-01
19.53 9.973193e-01
19.623 9.972180e-01
19.716 9.969087e-01
19.809 9.969908e-01
19.902 9.968654e-01
19.995 9.971167e-01
20.088 9.971527e-01
20.181 9.975435e-01
20.274 9.977040e-01
20.367 9.981920e-01
20.46 9.984303e-01
20.553 9.989663e-01
20.646 9.992319e-01
20.739 9.997659e-01
20.832 1.000011e+00
20.925 1.000498e+00
21.018 1.000683e+00
21.111 1.001090e+00
21.204 1.001187e+00
21.297 1.001495e+00
21.39 1.001491e+00
21.483 1.001693e+00
21.576 1.001590e+00
21.669 1.001692e+00
21.762 1.001500e+00
21.855 1.001519e+00
21.948 1.001257e+00
22.041 1.001213e+00
22.134 1.000905e+00
22.227 1.000823e+00
22.32 1.000494e+00
22.413 1.000400e+00
22.506 1.000073e+00
22.599 9.999909e-01
22.692 9.996902e-01
22.785 9.996392e-01
22.878 9.993812e-01
22.971 9.993758e-01
23.064 9.991713e-01
23.157 9.992188e-01
23.25 9.990710e-01
23.343 9.991716e-01
23.436 9.990776e-01
23.529 9.992252e-01
23.622 9.991764e-01
23.715 9.993607e-01
23.808 9.993449e-01
23.901 9.995528e-01
23.994 9.995563e-01
24.087 9.997739e-01
24.18 9.997827e-01
24.273 9.999968e-01
24.366 9.999986e-01
24.459 1.000198e+00
24.552 1.000183e+00
24.645 1.000358e+00
24.738 1.000319e+00
24.831 1.000467e+00
24.924 1.000400e+00
25.017 1.000517e+00
25.11 1.000423e+00
25.203 1.000511e+00
25.296 1.000392e+00
25.389 1.000457e+00
25.482 1.000319e+00
25.575 1.000365e+00
25.668 1.000215e+00
25.761 1.000251e+00
25.854 1.000097e+00
25.947 1.000130e+00
26.04 9.999780e-01
26.133 1.000015e+00
26.226 9.998715e-01
26.319 9.999178e-01
26.412 9.997873e-01
26.505 9.998463e-01
26.598 9.997313e-01
26.691 9.998047e-01
26.784 9.997060e-01
26.877 9.997938e-01
26.97 9.997103e-01
27.063 9.998108e-01
27.156 9.997402e-01
27.249 9.998505e-01
27.342 9.997895e-01
27.435 9.999058e-01
27.528 9.998504e-01
27.621 9.999690e-01
27.714 9.999153e-01
27.807 1.000032e+00
27.9 9.999766e-01
27.993 1.000089e+00
28.086 1.000028e+00
28.179 1.000133e+00
28.272 1.000066e+00
28.365 1.000163e+00
28.458 1.000088e+00
28.551 1.000176e+00
28.644 1.000094e+00
28.737 1.000173e+00
28.83 1.000084e+00
28.923 1.000157e+00
29.016 1.000063e+00
29.109 1.000130e+00
29.202 1.000033e+00
29.295 1.000097e+00
29.388 9.999995e-01
29.481 1.000063e+00
29.574 9.999658e-01
29.667 1.000030e+00
29.76 9.999356e-01
29.853 1.000002e+00
29.946 9.999117e-01
30.039 9.999815e-01
30.132 9.998960e-01
30.225 9.999697e-01
30.318 9.998891e-01
30.411 9.999667e-01
30.504 9.998907e-01
30.597 9.999718e-01
30.69 9.998996e-01
30.783 9.999833e-01
30.876 9.999141e-01
30.969 9.999994e-01
31.062 9.999319e-01
31.155 1.000018e+00
31.248 9.999509e-01
31.341 1.000036e+00
31.434 9.999689e-01
31.527 1.000053e+00
31.62 9.999842e-01
31.713 1.000066e+00
31.806 9.999955e-01
31.899 1.000075e+00
31.992 1.000002e+00
32.085 1.000078e+00
32.178 1.000004e+00
32.271 1.000078e+00
32.364 1.000001e+00
32.457 1.000073e+00
32.55 9.999947e-01
32.643 1.000064e+00
32.736 9.999856e-01
32.829 1.000054e+00
32.922 9.999751e-01
33.015 1.000043e+00
33.108 9.999644e-01
33.201 1.000033e+00
33.294 9.999546e-01
33.387 1.000024e+00
33.48 9.999466e-01
33.573 1.000017e+00
33.666 9.999412e-01
33.759 1.000013e+00
33.852 9.999386e-01
33.945 1.000011e+00
34.038 9.999390e-01
34.131 1.000013e+00
34.224 9.999420e-01
34.317 1.000017e+00
34.41 9.999472e-01
34.503 1.000023e+00
34.596 9.999539e-01
34.689 1.000030e+00
34.782 9.999614e-01
34.875 1.000038e+00
34.968 9.999689e-01
35.061 1.000045e+00
35.154 9.999757e-01
35.247 1.000051e+00
35.34 9.999810e-01
35.433 1.000055e+00
35.526 9.999844e-01
35.619 1.000058e+00
