0 5.371828e-05
0.093 5.371221e-05
0.186 5.370608e-05
0.279 5.370132e-05
0.372 5.369709e-05
0.465 5.369332e-05
0.558 5.368993e-05
0.651 5.368688e-05
0.744 5.368417e-05
0.837 5.368174e-05
0.93 5.367961e-05
1.023 5.367772e-05
1.116 5.367609e-05
1.209 5.367468e-05
1.302 5.367348e-05
1.395 5.367245e-05
1.488 5.367159e-05
1.581 5.367085e-05
1.674 5.367024e-05
1.767 5.366973e-05
1.86 5.366931e-05
1.953 5.366896e-05
2.046 5.366867e-05
2.139 5.366843e-05
2.232 5.366824e-05
2.325 5.366807e-05
2.418 5.366794e-05
2.511 5.366782e-05
2.604 5.366773e-05
2.697 5.366765e-05
2.79 5.366759e-05
2.883 5.366753e-05
2.976 5.366749e-05
3.069 5.366745e-05
3.162 5.366742e-05
3.255 5.366739e-05
3.348 5.366736e-05
3.441 5.366734e-05
3.534 5.366733e-05
3.627 5.366731e-05
3.72 5.366730e-05
3.813 5.366729e-05
3.906 5.366728e-05
3.999 4.312923e+00
4.092 3.792682e+00
4.185 3.345061e+00
4.278 2.959267e+00
4.371 2.612602e+00
4.464 2.327693e+00
4.557 2.070524e+00
4.65 1.855280e+00
4.743 1.668347e+00
4.836 1.503748e+00
4.929 1.352082e+00
5.022 1.230112e+00
5.115 1.115630e+00
5.208 1.024070e+00
5.301 9.388566e-01
5.394 8.711989e-01
5.487 8.069920e-01
5.58 7.612900e-01
5.673 7.177912e-01
5.766 6.869750e-01
5.859 6.566038e-01
5.952 6.404526e-01
6.045 6.241880e-01
6.138 6.202114e-01
6.231 6.161385e-01
6.324 6.236948e-01
6.417 6.283873e-01
6.51 6.508964e-01
6.603 6.709668e-01
6.696 7.072856e-01
6.789 7.419532e-01
6.882 8.000583e-01
6.975 8.479792e-01
7.068 8.911053e-01
7.161 9.257518e-01
7.254 9.575960e-01
7.347 9.831160e-01
7.44 1.008733e+00
7.533 1.026483e+00
7.626 1.051382e+00
7.719 1.067869e+00
7.812 1.095513e+00
7.905 1.111215e+00
7.998 1.152356e+00
8.091 1.209378e+00
8.184 1.230366e+00
8.277 1.244632e+00
8.37 1.237989e+00
8.463 1.228071e+00
8.556 1.205613e+00
8.649 1.183191e+00
8.742 1.153698e+00
8.835 1.126476e+00
8.928 1.095695e+00
9.021 1.068467e+00
9.114 1.039867e+00
9.207 1.015532e+00
9.3 9.911383e-01
9.393 9.712910e-01
9.486 9.521365e-01
9.579 9.375235e-01
9.672 9.240255e-01
9.765 9.148672e-01
9.858 9.067251e-01
9.951 9.024475e-01
10.044 8.991099e-01
10.137 8.992630e-01
10.23 9.002147e-01
10.323 9.043199e-01
10.416 9.090352e-01
10.509 9.165256e-01
10.602 9.243742e-01
10.695 9.345846e-01
10.788 9.448224e-01
10.881 9.570545e-01
10.974 9.687099e-01
11.067 9.811667e-01
11.16 9.920604e-01
11.253 1.003031e+00
11.346 1.012042e+00
11.439 1.020825e+00
11.532 1.027566e+00
11.625 1.034007e+00
11.718 1.038488e+00
11.811 1.042746e+00
11.904 1.045218e+00
11.997 1.047582e+00
12.09 1.048526e+00
12.183 1.049239e+00
12.276 1.048113e+00
12.369 1.046524e+00
12.462 1.043161e+00
12.555 1.039485e+00
12.648 1.034363e+00
12.741 1.029248e+00
12.834 1.023108e+00
12.927 1.017334e+00
13.02 1.010945e+00
13.113 1.005244e+00
13.206 9.992748e-01
13.299 9.942388e-01
13.392 9.891928e-01
13.485 9.852385e-01
13.578 9.814369e-01
13.671 9.787992e-01
13.764 9.763874e-01
13.857 9.751287e-01
13.95 9.740867e-01
14.043 9.741237e-01
14.136 9.743157e-01
14.229 9.754768e-01
14.322 9.767012e-01
14.415 9.787646e-01
14.508 9.807807e-01
14.601 9.834925e-01
14.694 9.860341e-01
14.787 9.891207e-01
14.88 9.919088e-01
14.973 9.950884e-01
15.066 9.978325e-01
15.159 1.000810e+00
15.252 1.003227e+00
15.345 1.005751e+00
15.438 1.007632e+00
15.531 1.009538e+00
15.624 1.010767e+00
15.717 1.011989e+00
15.81 1.012540e+00
15.903 1.013087e+00
15.996 1.013003e+00
16.089 1.012945e+00
16.182 1.012314e+00
16.275 1.011748e+00
16.368 1.010670e+00
16.461 1.009705e+00
16.554 1.008300e+00
16.647 1.007066e+00
16.74 1.005473e+00
16.833 1.004115e+00
16.926 1.002479e+00
17.019 1.001142e+00
17.112 9.996028e-01
17.205 9.984156e-01
17.298 9.970880e-01
17.391 9.961518e-01
17.484 9.951203e-01
17.577 9.945016e-01
17.67 9.938132e-01
17.763 9.935406e-01
17.856 9.932050e-01
17.949 9.932708e-01
18.042 9.932638e-01
18.135 9.936299e-01
18.228 9.939010e-01
18.321 9.945075e-01
18.414 9.949890e-01
18.507 9.957631e-01
18.6 9.963786e-01
18.693 9.972428e-01
18.786 9.979148e-01
18.879 9.987932e-01
18.972 9.994486e-01
19.065 1.000272e+00
19.158 1.000847e+00
19.251 1.001558e+00
19.344 1.002002e+00
19.437 1.002559e+00
19.53 1.002839e+00
19.623 1.003219e+00
19.716 1.003322e+00
19.809 1.003520e+00
19.902 1.003450e+00
19.995 1.003480e+00
20.088 1.003257e+00
20.181 1.003145e+00
20.274 1.002801e+00
20.367 1.002581e+00
20.46 1.002153e+00
20.553 1.001865e+00
20.646 1.001392e+00
20.739 1.001077e+00
20.832 1.000598e+00
20.925 1.000292e+00
21.018 9.998425e-01
21.111 9.995770e-01
21.204 9.991858e-01
21.297 9.989863e-01
21.39 9.986735e-01
21.483 9.985563e-01
21.576 9.983335e-01
21.669 9.983056e-01
21.762 9.981753e-01
21.855 9.982352e-01
21.948 9.981916e-01
22.041 9.983299e-01
22.134 9.983605e-01
22.227 9.985620e-01
22.32 9.986491e-01
22.413 9.988948e-01
22.506 9.990182e-01
22.599 9.992872e-01
22.692 9.994261e-01
22.785 9.996982e-01
22.878 9.998329e-01
22.971 1.000090e+00
23.064 1.000204e+00
23.157 1.000430e+00
23.25 1.000510e+00
23.343 1.000696e+00
23.436 1.000734e+00
23.529 1.000873e+00
23.622 1.000865e+00
23.715 1.000956e+00
23.808 1.000902e+00
23.901 1.000948e+00
23.994 1.000855e+00
24.087 1.000862e+00
24.18 1.000736e+00
24.273 1.000713e+00
24.366 1.000565e+00
24.459 1.000523e+00
24.552 1.000362e+00
24.645 1.000312e+00
24.738 1.000151e+00
24.831 1.000102e+00
24.924 9.999483e-01
25.017 9.999104e-01
25.11 9.997721e-01
25.203 9.997512e-01
25.296 9.996341e-01
25.389 9.996347e-01
25.482 9.995418e-01
25.575 9.995656e-01
25.668 9.994976e-01
25.761 9.995445e-01
25.854 9.994999e-01
25.947 9.995674e-01
26.04 9.995430e-01
26.133 9.996271e-01
26.226 9.996184e-01
26.319 9.997142e-01
26.412 9.997157e-01
26.505 9.998178e-01
26.598 9.998242e-01
26.691 9.999271e-01
26.784 9.999330e-01
26.877 1.000032e+00
26.97 1.000033e+00
27.063 1.000124e+00
27.156 1.000116e+00
27.249 1.000196e+00
27.342 1.000178e+00
27.435 1.000245e+00
27.528 1.000215e+00
27.621 1.000269e+00
27.714 1.000227e+00
27.807 1.000269e+00
27.9 1.000217e+00
27.993 1.000248e+00
28.086 1.000187e+00
28.179 1.000210e+00
28.272 1.000143e+00
28.365 1.000160e+00
28.458 1.000090e+00
28.551 1.000104e+00
28.644 1.000033e+00
28.737 1.000048e+00
28.83 9.999785e-01
28.923 9.999953e-01
29.016 9.999304e-01
29.109 9.999513e-01
29.202 9.998921e-01
29.295 9.999184e-01
29.388 9.998658e-01
29.481 9.998981e-01
29.574 9.998522e-01
29.667 9.998905e-01
29.76 9.998512e-01
29.853 9.998950e-01
29.946 9.998614e-01
30.039 9.999096e-01
30.132 9.998805e-01
30.225 9.999320e-01
30.318 9.999061e-01
30.411 9.999594e-01
30.504 9.999352e-01
30.597 9.999889e-01
30.69 9.999649e-01
30.783 1.000018e+00
30.876 9.999928e-01
30.969 1.000043e+00
31.062 1.000017e+00
31.155 1.000064e+00
31.248 1.000035e+00
31.341 1.000079e+00
31.434 1.000046e+00
31.527 1.000087e+00
31.62 1.000051e+00
31.713 1.000089e+00
31.806 1.000050e+00
31.899 1.000084e+00
31.992 1.000043e+00
32.085 1.000074e+00
32.178 1.000031e+00
32.271 1.000061e+00
32.364 1.000017e+00
32.457 1.000045e+00
32.55 1.000001e+00
32.643 1.000029e+00
32.736 9.999847e-01
32.829 1.000013e+00
32.922 9.999698e-01
33.015 9.999992e-01
33.108 9.999574e-01
33.201 9.999881e-01
33.294 9.999481e-01
33.387 9.999804e-01
33.48 9.999425e-01
33.573 9.999766e-01
33.666 9.999406e-01
33.759 9.999764e-01
33.852 9.999424e-01
33.945 9.999798e-01
34.038 9.999474e-01
34.131 9.999861e-01
34.224 9.999550e-01
34.317 9.999947e-01
34.41 9.999645e-01
34.503 1.000005e+00
34.596 9.999750e-01
34.689 1.000015e+00
34.782 9.999857e-01
34.875 1.000026e+00
34.968 9.999958e-01
35.061 1.000035e+00
35.154 1.000004e+00
35.247 1.000043e+00
35.34 1.000011e+00
35.433 1.000048e+00
35.526 1.000015e+00
35.619 1.000051e+00
