0 9.308610e-06
0.093 8.657738e-06
0.186 8.083471e-06
0.279 7.669602e-06
0.372 7.327521e-06
0.465 7.039008e-06
0.558 6.797255e-06
0.651 6.594718e-06
0.744 6.429754e-06
0.837 6.293939e-06
0.93 6.186364e-06
1.023 6.100131e-06
1.116 6.034438e-06
1.209 5.983331e-06
1.302 5.945091e-06
1.395 5.916222e-06
1.488 5.895166e-06
1.581 5.879355e-06
1.674 5.867874e-06
1.767 5.859384e-06
1.86 5.853304e-06
1.953 5.848833e-06
2.046 5.845609e-06
2.139 5.843202e-06
2.232 5.841440e-06
2.325 5.840090e-06
2.418 5.839083e-06
2.511 5.838314e-06
2.604 5.837734e-06
2.697 5.837282e-06
2.79 5.836930e-06
2.883 5.836655e-06
2.976 5.836447e-06
3.069 5.836286e-06
3.162 5.836158e-06
3.255 5.836055e-06
3.348 5.835975e-06
3.441 5.835913e-06
3.534 5.835861e-06
3.627 5.835819e-06
3.72 5.835786e-06
3.813 5.835759e-06
3.906 5.835737e-06
3.999 5.792418e+00
4.092 4.749401e+00
4.185 3.916880e+00
4.278 3.252941e+00
4.371 2.692979e+00
4.464 2.262665e+00
4.557 1.899298e+00
4.65 1.613806e+00
4.743 1.376666e+00
4.836 1.185365e+00
4.929 1.017508e+00
5.022 8.930272e-01
5.115 7.818597e-01
5.208 7.000741e-01
5.301 6.284060e-01
5.394 5.779541e-01
5.487 5.304765e-01
5.58 5.089269e-01
5.673 4.900786e-01
5.766 4.840322e-01
5.859 4.776890e-01
5.952 4.922790e-01
6.045 5.053975e-01
6.138 5.370753e-01
6.231 5.683711e-01
6.324 6.175629e-01
6.417 6.625362e-01
6.51 7.393349e-01
6.603 8.056592e-01
6.696 9.120075e-01
6.789 1.014023e+00
6.882 1.165734e+00
6.975 1.270606e+00
7.068 1.325791e+00
7.161 1.347578e+00
7.254 1.343697e+00
7.347 1.322762e+00
7.44 1.292607e+00
7.533 1.252741e+00
7.626 1.217867e+00
7.719 1.177330e+00
7.812 1.148922e+00
7.905 1.114163e+00
7.998 1.104735e+00
8.091 1.109264e+00
8.184 1.085454e+00
8.277 1.061096e+00
8.37 1.025678e+00
8.463 9.945268e-01
8.556 9.602362e-01
8.649 9.328639e-01
8.742 9.063346e-01
8.835 8.877439e-01
8.928 8.716417e-01
9.021 8.634953e-01
9.114 8.584179e-01
9.207 8.608168e-01
9.3 8.660351e-01
9.393 8.778045e-01
9.486 8.916126e-01
9.579 9.106847e-01
9.672 9.305094e-01
9.765 9.533089e-01
9.858 9.734312e-01
9.951 9.933606e-01
10.044 1.009041e+00
10.137 1.023612e+00
10.23 1.033892e+00
10.323 1.043311e+00
10.416 1.049089e+00
10.509 1.054554e+00
10.602 1.057141e+00
10.695 1.059921e+00
10.788 1.060393e+00
10.881 1.061506e+00
10.974 1.059954e+00
11.067 1.057513e+00
11.16 1.051721e+00
11.253 1.045114e+00
11.346 1.035928e+00
11.439 1.026825e+00
11.532 1.016301e+00
11.625 1.006847e+00
11.718 9.970054e-01
11.811 9.890072e-01
11.904 9.813379e-01
11.997 9.759445e-01
12.09 9.713065e-01
12.183 9.688751e-01
12.276 9.669165e-01
12.369 9.668869e-01
12.462 9.671477e-01
12.555 9.690814e-01
12.648 9.710619e-01
12.741 9.743838e-01
12.834 9.774614e-01
12.927 9.815649e-01
13.02 9.851813e-01
13.113 9.895735e-01
13.206 9.932976e-01
13.299 9.976011e-01
13.392 1.001092e+00
13.485 1.004990e+00
13.578 1.007943e+00
13.671 1.011136e+00
13.764 1.013248e+00
13.857 1.015411e+00
13.95 1.016352e+00
14.043 1.017221e+00
14.136 1.016860e+00
14.229 1.016459e+00
14.322 1.014967e+00
14.415 1.013589e+00
14.508 1.011347e+00
14.601 1.009422e+00
14.694 1.006871e+00
14.787 1.004824e+00
14.88 1.002351e+00
14.973 1.000510e+00
15.066 9.983609e-01
15.159 9.968969e-01
15.252 9.951873e-01
15.345 9.941872e-01
15.438 9.929841e-01
15.531 9.924981e-01
15.624 9.918315e-01
15.717 9.918701e-01
15.81 9.917274e-01
15.903 9.922560e-01
15.996 9.925783e-01
16.089 9.935157e-01
16.182 9.941980e-01
16.275 9.954172e-01
16.368 9.963129e-01
16.461 9.976560e-01
16.554 9.986021e-01
16.647 9.999071e-01
16.74 1.000747e+00
16.833 1.001870e+00
16.926 1.002479e+00
17.019 1.003320e+00
17.112 1.003627e+00
17.205 1.004146e+00
17.298 1.004140e+00
17.391 1.004350e+00
17.484 1.004066e+00
17.577 1.004020e+00
17.67 1.003521e+00
17.763 1.003289e+00
17.856 1.002648e+00
17.949 1.002304e+00
18.042 1.001591e+00
18.135 1.001202e+00
18.228 1.000484e+00
18.321 1.000115e+00
18.414 9.994535e-01
18.507 9.991620e-01
18.6 9.986092e-01
18.693 9.984406e-01
18.786 9.980319e-01
18.879 9.980120e-01
18.972 9.977618e-01
19.065 9.978938e-01
19.158 9.977938e-01
19.251 9.980591e-01
19.344 9.980816e-01
19.437 9.984461e-01
19.53 9.985518e-01
19.623 9.989732e-01
19.716 9.991184e-01
19.809 9.995540e-01
19.902 9.996980e-01
19.995 1.000110e+00
20.088 1.000220e+00
20.181 1.000581e+00
20.274 1.000633e+00
20.367 1.000925e+00
20.46 1.000906e+00
20.553 1.001121e+00
20.646 1.001029e+00
20.739 1.001168e+00
20.832 1.001008e+00
20.925 1.001080e+00
21.018 1.000864e+00
21.111 1.000884e+00
21.204 1.000628e+00
21.297 1.000616e+00
21.39 1.000342e+00
21.483 1.000318e+00
21.576 1.000046e+00
21.669 1.000030e+00
21.762 9.997782e-01
21.855 9.997868e-01
21.948 9.995678e-01
22.041 9.996108e-01
22.134 9.994319e-01
22.227 9.995134e-01
22.32 9.993758e-01
22.413 9.994944e-01
22.506 9.993943e-01
22.599 9.995444e-01
22.692 9.994743e-01
22.785 9.996474e-01
22.878 9.995980e-01
22.971 9.997841e-01
23.064 9.997450e-01
23.157 9.999339e-01
23.25 9.998953e-01
23.343 1.000078e+00
23.436 1.000031e+00
23.529 1.000200e+00
23.622 1.000138e+00
23.715 1.000288e+00
23.808 1.000208e+00
23.901 1.000336e+00
23.994 1.000237e+00
24.087 1.000345e+00
24.18 1.000228e+00
24.273 1.000317e+00
24.366 1.000187e+00
24.459 1.000262e+00
24.552 1.000123e+00
24.645 1.000190e+00
24.738 1.000047e+00
24.831 1.000112e+00
24.924 9.999709e-01
25.017 1.000038e+00
25.11 9.999026e-01
25.203 9.999755e-01
25.296 9.998492e-01
25.389 9.999306e-01
25.482 9.998151e-01
25.575 9.999059e-01
25.668 9.998014e-01
25.761 9.999015e-01
25.854 9.998072e-01
25.947 9.999150e-01
26.04 9.998291e-01
26.133 9.999425e-01
26.226 9.998624e-01
26.319 9.999788e-01
26.412 9.999017e-01
26.505 1.000018e+00
26.598 9.999416e-01
26.691 1.000056e+00
26.784 9.999773e-01
26.877 1.000088e+00
26.97 1.000005e+00
27.063 1.000110e+00
27.156 1.000023e+00
27.249 1.000122e+00
27.342 1.000030e+00
27.435 1.000124e+00
27.528 1.000028e+00
27.621 1.000116e+00
27.714 1.000017e+00
27.807 1.000101e+00
27.9 1.000000e+00
27.993 1.000082e+00
28.086 9.999804e-01
28.179 1.000061e+00
28.272 9.999604e-01
28.365 1.000042e+00
28.458 9.999425e-01
28.551 1.000025e+00
28.644 9.999286e-01
28.737 1.000013e+00
28.83 9.999197e-01
28.923 1.000007e+00
29.016 9.999163e-01
29.109 1.000005e+00
29.202 9.999180e-01
29.295 1.000009e+00
29.388 9.999240e-01
29.481 1.000016e+00
29.574 9.999329e-01
29.667 1.000026e+00
29.76 9.999435e-01
29.853 1.000036e+00
29.946 9.999541e-01
30.039 1.000046e+00
30.132 9.999637e-01
30.225 1.000054e+00
30.318 9.999712e-01
30.411 1.000060e+00
30.504 9.999761e-01
30.597 1.000063e+00
30.69 9.999782e-01
30.783 1.000064e+00
30.876 9.999776e-01
30.969 1.000062e+00
31.062 9.999747e-01
31.155 1.000058e+00
31.248 9.999703e-01
31.341 1.000052e+00
31.434 9.999650e-01
31.527 1.000047e+00
31.62 9.999596e-01
31.713 1.000041e+00
31.806 9.999548e-01
31.899 1.000037e+00
31.992 9.999510e-01
32.085 1.000033e+00
32.178 9.999486e-01
32.271 1.000031e+00
32.364 9.999476e-01
32.457 1.000031e+00
32.55 9.999481e-01
32.643 1.000032e+00
32.736 9.999499e-01
32.829 1.000034e+00
32.922 9.999525e-01
33.015 1.000037e+00
33.108 9.999556e-01
33.201 1.000040e+00
33.294 9.999587e-01
33.387 1.000043e+00
33.48 9.999616e-01
33.573 1.000045e+00
33.666 9.999639e-01
33.759 1.000047e+00
33.852 9.999654e-01
33.945 1.000048e+00
34.038 9.999661e-01
34.131 1.000048e+00
34.224 9.999658e-01
34.317 1.000047e+00
34.41 9.999648e-01
34.503 1.000046e+00
34.596 9.999632e-01
34.689 1.000044e+00
34.782 9.999612e-01
34.875 1.000042e+00
34.968 9.999591e-01
35.061 1.000040e+00
35.154 9.999571e-01
35.247 1.000038e+00
35.34 9.999555e-01
35.433 1.000037e+00
35.526 9.999545e-01
35.619 1.000036e+00
