0 1.243131e-04
0.093 1.243126e-04
0.186 1.243122e-04
0.279 1.243118e-04
0.372 1.243115e-04
0.465 1.243111e-04
0.558 1.243109e-04
0.651 1.243106e-04
0.744 1.243103e-04
0.837 1.243101e-04
0.93 1.243099e-04
1.023 1.243097e-04
1.116 1.243095e-04
1.209 1.243093e-04
1.302 1.243092e-04
1.395 1.243091e-04
1.488 1.243090e-04
1.581 1.243089e-04
1.674 1.243088e-04
1.767 1.243087e-04
1.86 1.243086e-04
1.953 1.243085e-04
2.046 1.243085e-04
2.139 1.243084e-04
2.232 1.243084e-04
2.325 1.243084e-04
2.418 1.243083e-04
2.511 1.243083e-04
2.604 1.243083e-04
2.697 1.243083e-04
2.79 1.243082e-04
2.883 1.243082e-04
2.976 1.243082e-04
3.069 1.243082e-04
3.162 1.243082e-04
3.255 1.243082e-04
3.348 1.243082e-04
3.441 1.243081e-04
3.534 1.243081e-04
3.627 1.243081e-04
3.72 1.243081e-04
3.813 1.243081e-04
3.906 1.243081e-04
3.999 3.161783e+00
4.092 2.884821e+00
4.185 2.635224e+00
4.278 2.414567e+00
4.371 2.209917e+00
4.464 2.033206e+00
4.557 1.869814e+00
4.65 1.727274e+00
4.743 1.597529e+00
4.836 1.482713e+00
4.929 1.374853e+00
5.022 1.283669e+00
5.115 1.197412e+00
5.208 1.124714e+00
5.301 1.056525e+00
5.394 9.997056e-01
5.487 9.449414e-01
5.58 9.037531e-01
5.673 8.650853e-01
5.766 8.349558e-01
5.859 8.056242e-01
5.952 7.873840e-01
6.045 7.696642e-01
6.138 7.614070e-01
6.231 7.540599e-01
6.324 7.553514e-01
6.417 7.557855e-01
6.51 7.686841e-01
6.603 7.800251e-01
6.696 8.044850e-01
6.789 8.299995e-01
6.882 8.734700e-01
6.975 9.118485e-01
7.068 9.429691e-01
7.161 9.687557e-01
7.254 9.893401e-01
7.347 1.005800e+00
7.44 1.019074e+00
7.533 1.028277e+00
7.626 1.037454e+00
7.719 1.042991e+00
7.812 1.050473e+00
7.905 1.053704e+00
7.998 1.064063e+00
8.091 1.080640e+00
8.184 1.086116e+00
8.277 1.090139e+00
8.37 1.087376e+00
8.463 1.083852e+00
8.556 1.075923e+00
8.649 1.068121e+00
8.742 1.057593e+00
8.835 1.047935e+00
8.928 1.036730e+00
9.021 1.026906e+00
9.114 1.016368e+00
9.207 1.007561e+00
9.3 9.985923e-01
9.393 9.915417e-01
9.486 9.846762e-01
9.579 9.797923e-01
9.672 9.753010e-01
9.765 9.727169e-01
9.858 9.703701e-01
9.951 9.695779e-01
10.044 9.688725e-01
10.137 9.694761e-01
10.23 9.700520e-01
10.323 9.717608e-01
10.416 9.733610e-01
10.509 9.759419e-01
10.602 9.783453e-01
10.695 9.815971e-01
10.788 9.846042e-01
10.881 9.883876e-01
10.974 9.917920e-01
11.067 9.955754e-01
11.16 9.986598e-01
11.253 1.001864e+00
11.346 1.004235e+00
11.439 1.006613e+00
11.532 1.008141e+00
11.625 1.009657e+00
11.718 1.010378e+00
11.811 1.011131e+00
11.904 1.011183e+00
11.997 1.011336e+00
12.09 1.010930e+00
12.183 1.010675e+00
12.276 1.009881e+00
12.369 1.009251e+00
12.462 1.008142e+00
12.555 1.007240e+00
12.648 1.005939e+00
12.741 1.004898e+00
12.834 1.003538e+00
12.927 1.002488e+00
13.02 1.001189e+00
13.113 1.000243e+00
13.206 9.991077e-01
13.299 9.983542e-01
13.392 9.974541e-01
13.485 9.969499e-01
13.578 9.963245e-01
13.671 9.960930e-01
13.764 9.957483e-01
13.857 9.957780e-01
13.95 9.956830e-01
14.043 9.959286e-01
14.136 9.960283e-01
14.229 9.964309e-01
14.322 9.966648e-01
14.415 9.971657e-01
14.508 9.974772e-01
14.601 9.980238e-01
14.694 9.983644e-01
14.787 9.989129e-01
14.88 9.992430e-01
14.973 9.997583e-01
15.066 1.000045e+00
15.159 1.000495e+00
15.252 1.000707e+00
15.345 1.001068e+00
15.438 1.001188e+00
15.531 1.001447e+00
15.624 1.001469e+00
15.717 1.001626e+00
15.81 1.001557e+00
15.903 1.001624e+00
15.996 1.001478e+00
16.089 1.001474e+00
16.182 1.001273e+00
16.275 1.001220e+00
16.368 1.000984e+00
16.461 1.000904e+00
16.554 1.000654e+00
16.647 1.000564e+00
16.74 1.000319e+00
16.833 1.000237e+00
16.926 1.000009e+00
17.019 9.999482e-01
17.112 9.997492e-01
17.205 9.997167e-01
17.298 9.995525e-01
17.391 9.995533e-01
17.484 9.994265e-01
17.577 9.994615e-01
17.67 9.993711e-01
17.763 9.994379e-01
17.856 9.993799e-01
17.949 9.994733e-01
18.042 9.994414e-01
18.135 9.995544e-01
18.228 9.995409e-01
18.321 9.996655e-01
18.414 9.996623e-01
18.507 9.997908e-01
18.6 9.997904e-01
18.693 9.999162e-01
18.786 9.999125e-01
18.879 1.000030e+00
18.972 1.000019e+00
19.065 1.000125e+00
19.158 1.000102e+00
19.251 1.000194e+00
19.344 1.000160e+00
19.437 1.000237e+00
19.53 1.000190e+00
19.623 1.000254e+00
19.716 1.000196e+00
19.809 1.000247e+00
19.902 1.000180e+00
19.995 1.000222e+00
20.088 1.000148e+00
20.181 1.000183e+00
20.274 1.000106e+00
20.367 1.000136e+00
20.46 1.000058e+00
20.553 1.000088e+00
20.646 1.000012e+00
20.739 1.000042e+00
20.832 9.999695e-01
20.925 1.000003e+00
21.018 9.999351e-01
21.111 9.999723e-01
21.204 9.999101e-01
21.297 9.999517e-01
21.39 9.998954e-01
21.483 9.999412e-01
21.576 9.998904e-01
21.669 9.999400e-01
21.762 9.998939e-01
21.855 9.999466e-01
21.948 9.999043e-01
22.041 9.999590e-01
22.134 9.999194e-01
22.227 9.999751e-01
22.32 9.999372e-01
22.413 9.999928e-01
22.506 9.999556e-01
22.599 1.000010e+00
22.692 9.999728e-01
22.785 1.000026e+00
22.878 9.999875e-01
22.971 1.000038e+00
23.064 9.999989e-01
23.157 1.000047e+00
23.25 1.000007e+00
23.343 1.000052e+00
23.436 1.000010e+00
23.529 1.000054e+00
23.622 1.000011e+00
23.715 1.000052e+00
23.808 1.000008e+00
23.901 1.000048e+00
23.994 1.000003e+00
24.087 1.000042e+00
24.18 9.999974e-01
24.273 1.000035e+00
24.366 9.999908e-01
24.459 1.000028e+00
24.552 9.999844e-01
24.645 1.000022e+00
24.738 9.999787e-01
24.831 1.000016e+00
24.924 9.999740e-01
25.017 1.000012e+00
25.11 9.999708e-01
25.203 1.000009e+00
25.296 9.999690e-01
25.389 1.000007e+00
25.482 9.999685e-01
25.575 1.000007e+00
25.668 9.999693e-01
25.761 1.000008e+00
25.854 9.999709e-01
25.947 1.000010e+00
26.04 9.999733e-01
26.133 1.000012e+00
26.226 9.999759e-01
26.319 1.000015e+00
26.412 9.999786e-01
26.505 1.000017e+00
26.598 9.999812e-01
26.691 1.000019e+00
26.784 9.999834e-01
26.877 1.000021e+00
26.97 9.999851e-01
27.063 1.000022e+00
27.156 9.999862e-01
27.249 1.000022e+00
27.342 9.999869e-01
27.435 1.000023e+00
27.528 9.999870e-01
27.621 1.000022e+00
27.714 9.999867e-01
27.807 1.000022e+00
27.9 9.999862e-01
27.993 1.000021e+00
28.086 9.999854e-01
28.179 1.000020e+00
28.272 9.999845e-01
28.365 1.000018e+00
28.458 9.999837e-01
28.551 1.000017e+00
28.644 9.999830e-01
28.737 1.000017e+00
28.83 9.999824e-01
28.923 1.000016e+00
29.016 9.999820e-01
29.109 1.000015e+00
29.202 9.999818e-01
29.295 1.000015e+00
29.388 9.999817e-01
29.481 1.000015e+00
29.574 9.999819e-01
29.667 1.000015e+00
29.76 9.999822e-01
29.853 1.000015e+00
29.946 9.999825e-01
30.039 1.000015e+00
30.132 9.999830e-01
30.225 1.000016e+00
30.318 9.999834e-01
30.411 1.000016e+00
30.504 9.999838e-01
30.597 1.000016e+00
30.69 9.999842e-01
30.783 1.000016e+00
30.876 9.999845e-01
30.969 1.000017e+00
31.062 9.999847e-01
31.155 1.000017e+00
31.248 9.999849e-01
31.341 1.000017e+00
31.434 9.999849e-01
31.527 1.000017e+00
31.62 9.999850e-01
31.713 1.000016e+00
31.806 9.999849e-01
31.899 1.000016e+00
31.992 9.999849e-01
32.085 1.000016e+00
32.178 9.999848e-01
32.271 1.000016e+00
32.364 9.999847e-01
32.457 1.000016e+00
32.55 9.999846e-01
32.643 1.000016e+00
32.736 9.999845e-01
32.829 1.000016e+00
32.922 9.999845e-01
33.015 1.000015e+00
33.108 9.999844e-01
33.201 1.000015e+00
33.294 9.999845e-01
33.387 1.000015e+00
33.48 9.999845e-01
33.573 1.000015e+00
33.666 9.999845e-01
33.759 1.000015e+00
33.852 9.999846e-01
33.945 1.000015e+00
34.038 9.999846e-01
34.131 1.000015e+00
34.224 9.999847e-01
34.317 1.000015e+00
34.41 9.999848e-01
34.503 1.000015e+00
34.596 9.999849e-01
34.689 1.000015e+00
34.782 9.999849e-01
34.875 1.000015e+00
34.968 9.999850e-01
35.061 1.000015e+00
35.154 9.999850e-01
35.247 1.000015e+00
35.34 9.999850e-01
35.433 1.000016e+00
35.526 9.999851e-01
35.619 1.000016e+00
