0 5.862913e-06
0.093 5.862854e-06
0.186 5.862910e-06
0.279 5.862798e-06
0.372 5.862897e-06
0.465 5.862803e-06
0.558 5.862955e-06
0.651 5.861267e-06
0.744 5.858041e-06
0.837 5.855334e-06
0.93 5.852571e-06
1.023 5.850086e-06
1.116 5.847822e-06
1.209 5.845853e-06
1.302 5.844070e-06
1.395 5.842556e-06
1.488 5.841234e-06
1.581 5.840141e-06
1.674 5.839228e-06
1.767 5.838492e-06
1.86 5.837888e-06
1.953 5.837414e-06
2.046 5.837033e-06
2.139 5.836737e-06
2.232 5.836503e-06
2.325 5.836324e-06
2.418 5.836183e-06
2.511 5.836075e-06
2.604 5.835990e-06
2.697 5.835923e-06
2.79 5.835871e-06
2.883 5.835829e-06
2.976 5.835796e-06
3.069 5.835769e-06
3.162 5.835748e-06
3.255 5.835730e-06
3.348 5.835716e-06
3.441 4.619426e+00
3.534 3.909056e+00
3.627 3.319830e+00
3.72 2.829235e+00
3.813 2.423646e+00
3.906 2.083398e+00
3.999 1.804815e+00
4.092 1.560989e+00
4.185 1.359180e+00
4.278 1.187869e+00
4.371 1.046255e+00
4.464 9.205431e-01
4.557 8.243776e-01
4.65 7.362697e-01
4.743 6.686128e-01
4.836 6.249307e-01
4.929 5.828666e-01
5.022 5.580639e-01
5.115 5.334844e-01
5.208 5.257701e-01
5.301 5.280254e-01
5.394 5.302738e-01
5.487 5.541614e-01
5.58 5.697871e-01
5.673 6.102350e-01
5.766 6.431120e-01
5.859 7.066970e-01
5.952 7.599294e-01
6.045 8.390083e-01
6.138 9.331092e-01
6.231 1.042637e+00
6.324 1.171314e+00
6.417 1.240317e+00
6.51 1.278366e+00
6.603 1.290209e+00
6.696 1.282444e+00
6.789 1.264744e+00
6.882 1.236169e+00
6.975 1.208224e+00
7.068 1.178389e+00
7.161 1.149317e+00
7.254 1.128497e+00
7.347 1.101991e+00
7.44 1.113617e+00
7.533 1.102357e+00
7.626 1.084212e+00
7.719 1.055104e+00
7.812 1.026433e+00
7.905 9.943255e-01
7.998 9.665257e-01
8.091 9.393106e-01
8.184 9.182152e-01
8.277 8.995290e-01
8.37 8.874587e-01
8.463 8.785843e-01
8.556 8.762134e-01
8.649 8.770204e-01
8.742 8.837010e-01
8.835 8.930184e-01
8.928 9.071999e-01
9.021 9.230095e-01
9.114 9.420922e-01
9.207 9.602449e-01
9.3 9.784284e-01
9.393 9.936604e-01
9.486 1.007754e+00
9.579 1.018522e+00
9.672 1.028206e+00
9.765 1.035011e+00
9.858 1.041184e+00
9.951 1.045094e+00
10.044 1.048856e+00
10.137 1.050810e+00
10.23 1.052962e+00
10.323 1.053496e+00
10.416 1.053134e+00
10.509 1.049989e+00
10.602 1.045599e+00
10.695 1.038818e+00
10.788 1.031467e+00
10.881 1.022681e+00
10.974 1.014242e+00
11.067 1.005332e+00
11.16 9.975629e-01
11.253 9.900682e-01
11.346 9.842146e-01
11.439 9.791014e-01
11.532 9.758349e-01
11.625 9.731703e-01
11.718 9.720902e-01
11.811 9.714734e-01
11.904 9.722502e-01
11.997 9.733182e-01
12.09 9.755207e-01
12.183 9.777710e-01
12.276 9.808793e-01
12.369 9.838159e-01
12.462 9.873839e-01
12.555 9.906121e-01
12.648 9.942938e-01
12.741 9.975024e-01
12.834 1.001009e+00
12.927 1.003918e+00
13.02 1.006971e+00
13.113 1.009296e+00
13.206 1.011593e+00
13.299 1.013008e+00
13.392 1.014244e+00
13.485 1.014532e+00
13.578 1.014619e+00
13.671 1.013830e+00
13.764 1.012945e+00
13.857 1.011354e+00
13.95 1.009835e+00
14.043 1.007813e+00
14.136 1.006038e+00
14.229 1.003941e+00
14.322 1.002226e+00
14.415 1.000312e+00
14.508 9.988468e-01
14.601 9.972475e-01
14.694 9.961311e-01
14.787 9.949260e-01
14.88 9.942242e-01
14.973 9.934635e-01
15.066 9.932102e-01
15.159 9.929084e-01
15.252 9.930987e-01
15.345 9.932291e-01
15.438 9.938148e-01
15.531 9.943074e-01
15.624 9.951972e-01
15.717 9.959391e-01
15.81 9.970046e-01
15.903 9.978579e-01
15.996 9.989573e-01
16.089 9.997807e-01
16.182 1.000779e+00
16.275 1.001449e+00
16.368 1.002241e+00
16.461 1.002675e+00
16.554 1.003204e+00
16.647 1.003372e+00
16.74 1.003631e+00
16.833 1.003546e+00
16.926 1.003567e+00
17.019 1.003273e+00
17.112 1.003108e+00
17.205 1.002663e+00
17.298 1.002372e+00
17.391 1.001835e+00
17.484 1.001476e+00
17.577 1.000904e+00
17.67 1.000534e+00
17.763 9.999826e-01
17.856 9.996549e-01
17.949 9.991745e-01
18.042 9.989349e-01
18.135 9.985642e-01
18.228 9.984437e-01
18.321 9.982044e-01
18.414 9.982151e-01
18.507 9.981090e-01
18.6 9.982430e-01
18.693 9.982534e-01
18.786 9.984869e-01
18.879 9.985841e-01
18.972 9.988835e-01
19.065 9.990315e-01
19.158 9.993602e-01
19.251 9.995228e-01
19.344 9.998469e-01
19.437 9.999929e-01
19.53 1.000285e+00
19.623 1.000391e+00
19.716 1.000631e+00
19.809 1.000682e+00
19.902 1.000860e+00
19.995 1.000849e+00
20.088 1.000962e+00
20.181 1.000890e+00
20.274 1.000942e+00
20.367 1.000816e+00
20.46 1.000818e+00
20.553 1.000651e+00
20.646 1.000617e+00
20.739 1.000426e+00
20.832 1.000374e+00
20.925 1.000176e+00
21.018 1.000123e+00
21.111 9.999347e-01
21.204 9.998973e-01
21.297 9.997317e-01
21.39 9.997200e-01
21.483 9.995858e-01
21.576 9.996057e-01
21.669 9.995060e-01
21.762 9.995584e-01
21.855 9.994920e-01
21.948 9.995737e-01
22.041 9.995356e-01
22.134 9.996405e-01
22.227 9.996236e-01
22.32 9.997438e-01
22.413 9.997396e-01
22.506 9.998665e-01
22.599 9.998665e-01
22.692 9.999917e-01
22.785 9.999880e-01
22.878 1.000105e+00
22.971 1.000091e+00
23.064 1.000193e+00
23.157 1.000165e+00
23.25 1.000250e+00
23.343 1.000206e+00
23.436 1.000273e+00
23.529 1.000213e+00
23.622 1.000264e+00
23.715 1.000190e+00
23.808 1.000228e+00
23.901 1.000144e+00
23.994 1.000173e+00
24.087 1.000085e+00
24.18 1.000109e+00
24.273 1.000020e+00
24.366 1.000045e+00
24.459 9.999586e-01
24.552 9.999873e-01
24.645 9.999074e-01
24.738 9.999424e-01
24.831 9.998709e-01
24.924 9.999137e-01
25.017 9.998513e-01
25.11 9.999021e-01
25.203 9.998486e-01
25.296 9.999067e-01
25.389 9.998609e-01
25.482 9.999248e-01
25.575 9.998847e-01
25.668 9.999523e-01
25.761 9.999158e-01
25.854 9.999847e-01
25.947 9.999493e-01
26.04 1.000017e+00
26.133 9.999812e-01
26.226 1.000047e+00
26.319 1.000008e+00
26.412 1.000069e+00
26.505 1.000027e+00
26.598 1.000083e+00
26.691 1.000037e+00
26.784 1.000089e+00
26.877 1.000038e+00
26.97 1.000086e+00
27.063 1.000032e+00
27.156 1.000076e+00
27.249 1.000020e+00
27.342 1.000061e+00
27.435 1.000005e+00
27.528 1.000045e+00
27.621 9.999878e-01
27.714 1.000028e+00
27.807 9.999719e-01
27.9 1.000012e+00
27.993 9.999586e-01
28.086 1.000001e+00
28.179 9.999492e-01
28.272 9.999932e-01
28.365 9.999442e-01
28.458 9.999901e-01
28.551 9.999437e-01
28.644 9.999914e-01
28.737 9.999471e-01
28.83 9.999961e-01
28.923 9.999534e-01
29.016 1.000003e+00
29.109 9.999616e-01
29.202 1.000012e+00
29.295 9.999704e-01
29.388 1.000020e+00
29.481 9.999788e-01
29.574 1.000028e+00
29.667 9.999858e-01
29.76 1.000033e+00
29.853 9.999909e-01
29.946 1.000037e+00
30.039 9.999937e-01
30.132 1.000039e+00
30.225 9.999942e-01
30.318 1.000038e+00
30.411 9.999928e-01
30.504 1.000035e+00
30.597 9.999898e-01
30.69 1.000032e+00
30.783 9.999858e-01
30.876 1.000027e+00
30.969 9.999815e-01
31.062 1.000023e+00
31.155 9.999773e-01
31.248 1.000019e+00
31.341 9.999739e-01
31.434 1.000015e+00
31.527 9.999713e-01
31.62 1.000013e+00
31.713 9.999699e-01
31.806 1.000012e+00
31.899 9.999697e-01
31.992 1.000012e+00
32.085 9.999704e-01
32.178 1.000014e+00
32.271 9.999719e-01
32.364 1.000015e+00
32.457 9.999739e-01
32.55 1.000017e+00
32.643 9.999762e-01
32.736 1.000019e+00
32.829 9.999784e-01
32.922 1.000021e+00
33.015 9.999803e-01
33.108 1.000023e+00
33.201 9.999818e-01
33.294 1.000024e+00
33.387 9.999828e-01
33.48 1.000025e+00
33.573 9.999832e-01
33.666 1.000025e+00
33.759 9.999831e-01
33.852 1.000024e+00
33.945 9.999827e-01
34.038 1.000024e+00
34.131 9.999819e-01
34.224 1.000023e+00
34.317 9.999810e-01
34.41 1.000022e+00
34.503 9.999799e-01
34.596 1.000021e+00
34.689 9.999790e-01
34.782 1.000020e+00
34.875 9.999781e-01
34.968 1.000019e+00
35.061 9.999773e-01
35.154 1.000018e+00
35.247 9.999768e-01
35.34 1.000018e+00
35.433 9.999764e-01
35.526 1.000017e+00
35.619 9.999762e-01
