0 3.661010e-04
0.093 3.661009e-04
0.186 3.661010e-04
0.279 3.661008e-04
0.372 3.661010e-04
0.465 3.661008e-04
0.558 3.661011e-04
0.651 3.660971e-04
0.744 3.660904e-04
0.837 3.660850e-04
0.93 3.660795e-04
1.023 3.660746e-04
1.116 3.660703e-04
1.209 3.660665e-04
1.302 3.660631e-04
1.395 3.660602e-04
1.488 3.660578e-04
1.581 3.660558e-04
1.674 3.660541e-04
1.767 3.660528e-04
1.86 3.660517e-04
1.953 3.660509e-04
2.046 3.660503e-04
2.139 3.660498e-04
2.232 3.660494e-04
2.325 3.660491e-04
2.418 3.660489e-04
2.511 3.660487e-04
2.604 3.660486e-04
2.697 3.660485e-04
2.79 3.660484e-04
2.883 3.660484e-04
2.976 3.660483e-04
3.069 3.660483e-04
3.162 3.660483e-04
3.255 3.660483e-04
3.348 3.660482e-04
3.441 5.188465e+00
3.534 4.369386e+00
3.627 3.696797e+00
3.72 3.129289e+00
3.813 2.659591e+00
3.906 2.266918e+00
3.999 1.947992e+00
4.092 1.664989e+00
4.185 1.431848e+00
4.278 1.233847e+00
4.371 1.068413e+00
4.464 9.236901e-01
4.557 8.123319e-01
4.65 7.128191e-01
4.743 6.387164e-01
4.836 5.829110e-01
4.929 5.377422e-01
5.022 5.057639e-01
5.115 4.798881e-01
5.208 4.651680e-01
5.301 4.626470e-01
5.394 4.588364e-01
5.487 4.729179e-01
5.58 4.824197e-01
5.673 5.072349e-01
5.766 5.381780e-01
5.859 5.823315e-01
5.952 6.263580e-01
6.045 6.814839e-01
6.138 7.518945e-01
6.231 8.369185e-01
6.324 9.237627e-01
6.417 9.949361e-01
6.51 1.032368e+00
6.603 1.075387e+00
6.696 1.091716e+00
6.789 1.120029e+00
6.882 1.126735e+00
6.975 1.153308e+00
7.068 1.171146e+00
7.161 1.197418e+00
7.254 1.237666e+00
7.347 1.259484e+00
7.44 1.381049e+00
7.533 1.423534e+00
7.626 1.430341e+00
7.719 1.394644e+00
7.812 1.347511e+00
7.905 1.282230e+00
7.998 1.218467e+00
8.091 1.149326e+00
8.184 1.087450e+00
8.277 1.026404e+00
8.37 9.744667e-01
8.463 9.261284e-01
8.556 8.871714e-01
8.649 8.527993e-01
8.742 8.273697e-01
8.835 8.066508e-01
8.928 7.940880e-01
9.021 7.859261e-01
9.114 7.848905e-01
9.207 7.871489e-01
9.3 7.950096e-01
9.393 8.053051e-01
9.486 8.202343e-01
9.579 8.369168e-01
9.672 8.574924e-01
9.765 8.792033e-01
9.858 9.040009e-01
9.951 9.291871e-01
10.044 9.565494e-01
10.137 9.832905e-01
10.23 1.011136e+00
10.323 1.037112e+00
10.416 1.061216e+00
10.509 1.080399e+00
10.602 1.096200e+00
10.695 1.106874e+00
10.788 1.114514e+00
10.881 1.117888e+00
10.974 1.119132e+00
11.067 1.117159e+00
11.16 1.113972e+00
11.253 1.108550e+00
11.346 1.102444e+00
11.439 1.094974e+00
11.532 1.087086e+00
11.625 1.076240e+00
11.718 1.063779e+00
11.811 1.048691e+00
11.904 1.032874e+00
11.997 1.015802e+00
12.09 9.993312e-01
12.183 9.829699e-01
12.276 9.683100e-01
12.369 9.547544e-01
12.462 9.436010e-01
12.555 9.341264e-01
12.648 9.273689e-01
12.741 9.224992e-01
12.834 9.203468e-01
12.927 9.200020e-01
13.02 9.221291e-01
13.113 9.257605e-01
13.206 9.314270e-01
13.299 9.381248e-01
13.392 9.463151e-01
13.485 9.550206e-01
13.578 9.646894e-01
13.671 9.743950e-01
13.764 9.845813e-01
13.857 9.943683e-01
13.95 1.004191e+00
14.043 1.013211e+00
14.136 1.021856e+00
14.229 1.029331e+00
14.322 1.036064e+00
14.415 1.041297e+00
14.508 1.045464e+00
14.601 1.047924e+00
14.694 1.049210e+00
14.787 1.048839e+00
14.88 1.047437e+00
14.973 1.044638e+00
15.066 1.041105e+00
15.159 1.036538e+00
15.252 1.031586e+00
15.345 1.025971e+00
15.438 1.020301e+00
15.531 1.014291e+00
15.624 1.008477e+00
15.717 1.002554e+00
15.81 9.970225e-01
15.903 9.916040e-01
15.996 9.867790e-01
16.089 9.822812e-01
16.182 9.785558e-01
16.275 9.753292e-01
16.368 9.729960e-01
16.461 9.712618e-01
16.554 9.704634e-01
16.647 9.702806e-01
16.74 9.709934e-01
16.833 9.722569e-01
16.926 9.743009e-01
17.019 9.767623e-01
17.112 9.798306e-01
17.205 9.831345e-01
17.298 9.868360e-01
17.391 9.905683e-01
17.484 9.944810e-01
17.577 9.982260e-01
17.67 1.001953e+00
17.763 1.005342e+00
17.856 1.008552e+00
17.949 1.011294e+00
18.042 1.013738e+00
18.135 1.015631e+00
18.228 1.017153e+00
18.321 1.018087e+00
18.414 1.018626e+00
18.507 1.018584e+00
18.6 1.018167e+00
18.693 1.017224e+00
18.786 1.015974e+00
18.879 1.014297e+00
18.972 1.012418e+00
19.065 1.010239e+00
19.158 1.007987e+00
19.251 1.005575e+00
19.344 1.003218e+00
19.437 1.000833e+00
19.53 9.986164e-01
19.623 9.964827e-01
19.716 9.946061e-01
19.809 9.928933e-01
19.902 9.914965e-01
19.995 9.903153e-01
20.088 9.894799e-01
20.181 9.888833e-01
20.274 9.886346e-01
20.367 9.886207e-01
20.46 9.889309e-01
20.553 9.894472e-01
20.646 9.902413e-01
20.739 9.911921e-01
20.832 9.923569e-01
20.925 9.936145e-01
21.018 9.950109e-01
21.111 9.964283e-01
21.204 9.979055e-01
21.297 9.993317e-01
21.39 1.000743e+00
21.483 1.002038e+00
21.576 1.003254e+00
21.669 1.004305e+00
21.762 1.005228e+00
21.855 1.005953e+00
21.948 1.006523e+00
22.041 1.006882e+00
22.134 1.007078e+00
22.227 1.007071e+00
22.32 1.006910e+00
22.413 1.006569e+00
22.506 1.006101e+00
22.599 1.005489e+00
22.692 1.004786e+00
22.785 1.003984e+00
22.878 1.003135e+00
22.971 1.002236e+00
23.064 1.001336e+00
23.157 1.000435e+00
23.25 9.995751e-01
23.343 9.987582e-01
23.436 9.980181e-01
23.529 9.973555e-01
23.622 9.967950e-01
23.715 9.963353e-01
23.808 9.959909e-01
23.901 9.957582e-01
23.994 9.956419e-01
24.087 9.956363e-01
24.18 9.957373e-01
24.273 9.959377e-01
24.366 9.962256e-01
24.459 9.965938e-01
24.552 9.970238e-01
24.645 9.975098e-01
24.738 9.980282e-01
24.831 9.985758e-01
24.924 9.991256e-01
25.017 9.996780e-01
25.11 1.000204e+00
25.203 1.000710e+00
25.296 1.001165e+00
25.389 1.001580e+00
25.482 1.001927e+00
25.575 1.002222e+00
25.668 1.002437e+00
25.761 1.002596e+00
25.854 1.002670e+00
25.947 1.002691e+00
26.04 1.002630e+00
26.133 1.002524e+00
26.226 1.002345e+00
26.319 1.002135e+00
26.412 1.001865e+00
26.505 1.001582e+00
26.598 1.001254e+00
26.691 1.000931e+00
26.784 1.000581e+00
26.877 1.000254e+00
26.97 9.999151e-01
27.063 9.996159e-01
27.156 9.993178e-01
27.249 9.990729e-01
27.342 9.988388e-01
27.435 9.986674e-01
27.528 9.985121e-01
27.621 9.984246e-01
27.714 9.983540e-01
27.807 9.983520e-01
27.9 9.983637e-01
27.993 9.984407e-01
28.086 9.985246e-01
28.179 9.986673e-01
28.272 9.988074e-01
28.365 9.989978e-01
28.458 9.991744e-01
28.551 9.993916e-01
28.644 9.995835e-01
28.737 9.998062e-01
28.83 9.999927e-01
28.923 1.000201e+00
29.016 1.000364e+00
29.109 1.000542e+00
29.202 1.000667e+00
29.295 1.000803e+00
29.388 1.000880e+00
29.481 1.000966e+00
29.574 1.000992e+00
29.667 1.001026e+00
29.76 1.001001e+00
29.853 1.000988e+00
29.946 1.000917e+00
30.039 1.000863e+00
30.132 1.000756e+00
30.225 1.000671e+00
30.318 1.000539e+00
30.411 1.000437e+00
30.504 1.000292e+00
30.597 1.000184e+00
30.69 1.000040e+00
30.783 9.999388e-01
30.876 9.998058e-01
30.969 9.997212e-01
31.062 9.996087e-01
31.155 9.995487e-01
31.248 9.994630e-01
31.341 9.994323e-01
31.434 9.993768e-01
31.527 9.993773e-01
31.62 9.993523e-01
31.713 9.993828e-01
31.806 9.993859e-01
31.899 9.994429e-01
31.992 9.994695e-01
32.085 9.995474e-01
32.178 9.995913e-01
32.271 9.996834e-01
32.364 9.997375e-01
32.457 9.998364e-01
32.55 9.998933e-01
32.643 9.999920e-01
32.736 1.000045e+00
32.829 1.000137e+00
32.922 1.000180e+00
33.015 1.000260e+00
33.108 1.000289e+00
33.201 1.000354e+00
33.294 1.000366e+00
33.387 1.000412e+00
33.48 1.000406e+00
33.573 1.000434e+00
33.666 1.000409e+00
33.759 1.000420e+00
33.852 1.000379e+00
33.945 1.000374e+00
34.038 1.000319e+00
34.131 1.000302e+00
34.224 1.000236e+00
34.317 1.000211e+00
34.41 1.000139e+00
34.503 1.000109e+00
34.596 1.000034e+00
34.689 1.000004e+00
34.782 9.999297e-01
34.875 9.999029e-01
34.968 9.998336e-01
35.061 9.998132e-01
35.154 9.997518e-01
35.247 9.997408e-01
35.34 9.996896e-01
35.433 9.996899e-01
35.526 9.996508e-01
35.619 9.996636e-01
