0 1.177281e-06
0.093 1.176778e-06
0.186 1.177285e-06
0.279 1.176287e-06
0.372 1.177136e-06
0.465 1.176324e-06
0.558 1.177682e-06
0.651 1.163044e-06
0.744 1.135680e-06
0.837 1.113805e-06
0.93 1.092149e-06
1.023 1.073410e-06
1.116 1.056964e-06
1.209 1.043293e-06
1.302 1.031460e-06
1.395 1.021949e-06
1.488 1.014098e-06
1.581 1.008032e-06
1.674 1.003306e-06
1.767 9.997883e-07
1.86 9.971175e-07
1.953 9.952008e-07
2.046 9.937916e-07
2.139 9.927900e-07
2.232 9.920687e-07
2.325 9.915627e-07
2.418 9.911983e-07
2.511 9.909400e-07
2.604 9.907494e-07
2.697 9.906113e-07
2.79 9.905073e-07
2.883 9.904306e-07
2.976 9.903708e-07
3.069 9.903250e-07
3.162 9.902893e-07
3.255 9.902614e-07
3.348 9.902388e-07
3.441 5.430667e+00
3.534 4.417967e+00
3.627 3.605425e+00
3.72 2.960281e+00
3.813 2.445197e+00
3.906 2.031196e+00
3.999 1.703970e+00
4.092 1.425438e+00
4.185 1.202362e+00
4.278 1.019913e+00
4.371 8.740576e-01
4.464 7.472625e-01
4.557 6.563153e-01
4.65 5.738087e-01
4.743 5.152828e-01
4.836 4.851333e-01
4.929 4.536299e-01
5.022 4.421129e-01
5.115 4.285417e-01
5.208 4.355017e-01
5.301 4.528788e-01
5.394 4.692072e-01
5.487 5.129782e-01
5.58 5.431607e-01
5.673 6.077673e-01
5.766 6.575464e-01
5.859 7.526080e-01
5.952 8.269460e-01
6.045 9.404047e-01
6.138 1.071592e+00
6.231 1.220529e+00
6.324 1.389493e+00
6.417 1.453948e+00
6.51 1.469313e+00
6.603 1.446714e+00
6.696 1.399714e+00
6.789 1.343963e+00
6.882 1.278645e+00
6.975 1.219972e+00
7.068 1.163469e+00
7.161 1.113290e+00
7.254 1.077240e+00
7.347 1.038345e+00
7.44 1.049156e+00
7.533 1.029679e+00
7.626 1.003007e+00
7.719 9.650923e-01
7.812 9.308838e-01
7.905 8.954862e-01
7.998 8.683200e-01
8.091 8.443675e-01
8.184 8.300962e-01
8.277 8.203847e-01
8.37 8.202424e-01
8.463 8.248928e-01
8.556 8.382973e-01
8.649 8.556644e-01
8.742 8.802339e-01
8.835 9.071880e-01
8.928 9.391589e-01
9.021 9.711341e-01
9.114 1.004785e+00
9.207 1.033186e+00
9.3 1.057399e+00
9.393 1.073626e+00
9.486 1.085172e+00
9.579 1.089846e+00
9.672 1.091662e+00
9.765 1.088863e+00
9.858 1.085169e+00
9.951 1.078783e+00
10.044 1.072926e+00
10.137 1.065506e+00
10.23 1.059346e+00
10.323 1.051855e+00
10.416 1.043734e+00
10.509 1.032600e+00
10.602 1.020752e+00
10.695 1.007003e+00
10.788 9.939807e-01
10.881 9.807234e-01
10.974 9.696152e-01
11.067 9.595644e-01
11.16 9.525663e-01
11.253 9.473202e-01
11.346 9.454016e-01
11.439 9.453595e-01
11.532 9.483523e-01
11.625 9.524384e-01
11.718 9.586653e-01
11.811 9.652578e-01
11.904 9.732167e-01
11.997 9.807919e-01
12.09 9.889217e-01
12.183 9.959700e-01
12.276 1.002988e+00
12.369 1.008565e+00
12.462 1.013879e+00
12.555 1.017700e+00
12.648 1.021257e+00
12.741 1.023409e+00
12.834 1.025359e+00
12.927 1.025999e+00
13.02 1.026462e+00
13.113 1.025652e+00
13.206 1.024611e+00
13.299 1.022261e+00
13.392 1.019667e+00
13.485 1.015919e+00
13.578 1.012169e+00
13.671 1.007643e+00
13.764 1.003512e+00
13.857 9.990525e-01
13.95 9.953751e-01
14.043 9.917358e-01
14.136 9.891385e-01
14.229 9.867836e-01
14.322 9.855555e-01
14.415 9.845834e-01
14.508 9.846434e-01
14.601 9.848442e-01
14.694 9.859179e-01
14.787 9.869867e-01
14.88 9.887585e-01
14.973 9.903768e-01
15.066 9.925353e-01
15.159 9.944058e-01
15.252 9.966749e-01
15.345 9.985441e-01
15.438 1.000693e+00
15.531 1.002351e+00
15.624 1.004186e+00
15.717 1.005450e+00
15.81 1.006805e+00
15.903 1.007532e+00
15.996 1.008290e+00
16.089 1.008394e+00
16.182 1.008507e+00
16.275 1.007986e+00
16.368 1.007506e+00
16.461 1.006469e+00
16.554 1.005558e+00
16.647 1.004206e+00
16.74 1.003088e+00
16.833 1.001654e+00
16.926 1.000559e+00
17.019 9.992526e-01
17.112 9.983581e-01
17.205 9.973206e-01
17.298 9.967301e-01
17.391 9.960269e-01
17.484 9.957742e-01
17.577 9.954132e-01
17.67 9.954870e-01
17.763 9.954412e-01
17.856 9.958022e-01
17.949 9.960211e-01
18.042 9.966091e-01
18.135 9.970231e-01
18.228 9.977605e-01
18.321 9.982846e-01
18.414 9.990811e-01
18.507 9.996214e-01
18.6 1.000383e+00
18.693 1.000848e+00
18.786 1.001489e+00
18.879 1.001805e+00
18.972 1.002266e+00
19.065 1.002387e+00
19.158 1.002639e+00
19.251 1.002556e+00
19.344 1.002608e+00
19.437 1.002344e+00
19.53 1.002234e+00
19.623 1.001839e+00
19.716 1.001623e+00
19.809 1.001155e+00
19.902 1.000892e+00
19.995 1.000411e+00
20.088 1.000157e+00
20.181 9.997111e-01
20.274 9.995091e-01
20.367 9.991345e-01
20.46 9.990140e-01
20.553 9.987343e-01
20.646 9.987126e-01
20.739 9.985385e-01
20.832 9.986198e-01
20.925 9.985491e-01
21.018 9.987250e-01
21.111 9.987429e-01
21.204 9.989930e-01
21.297 9.990742e-01
21.39 9.993696e-01
21.483 9.994823e-01
21.576 9.997900e-01
21.669 9.999016e-01
21.762 1.000191e+00
21.855 1.000273e+00
21.948 1.000519e+00
22.041 1.000551e+00
22.134 1.000739e+00
22.227 1.000713e+00
22.32 1.000838e+00
22.413 1.000753e+00
22.506 1.000820e+00
22.599 1.000683e+00
22.692 1.000704e+00
22.785 1.000529e+00
22.878 1.000517e+00
22.971 1.000321e+00
23.064 1.000294e+00
23.157 1.000093e+00
23.25 1.000066e+00
23.343 9.998754e-01
23.436 9.998635e-01
23.529 9.996954e-01
23.622 9.997091e-01
23.715 9.995720e-01
23.808 9.996174e-01
23.901 9.995151e-01
23.994 9.995933e-01
24.087 9.995242e-01
24.18 9.996315e-01
24.273 9.995899e-01
24.366 9.997190e-01
24.459 9.996962e-01
24.552 9.998374e-01
24.645 9.998232e-01
24.738 9.999666e-01
24.831 9.999514e-01
24.924 1.000088e+00
25.017 1.000064e+00
25.11 1.000187e+00
25.203 1.000148e+00
25.296 1.000253e+00
25.389 1.000197e+00
25.482 1.000283e+00
25.575 1.000210e+00
25.668 1.000277e+00
25.761 1.000188e+00
25.854 1.000241e+00
25.947 1.000140e+00
26.04 1.000183e+00
26.133 1.000075e+00
26.226 1.000112e+00
26.319 1.000004e+00
26.412 1.000041e+00
26.505 9.999359e-01
26.598 9.999778e-01
26.691 9.998804e-01
26.784 9.999303e-01
26.877 9.998430e-01
26.97 9.999027e-01
27.063 9.998264e-01
27.156 9.998959e-01
27.249 9.998300e-01
27.342 9.999081e-01
27.435 9.998507e-01
27.528 9.999350e-01
27.621 9.998836e-01
27.714 9.999713e-01
27.807 9.999227e-01
27.9 1.000011e+00
27.993 9.999623e-01
28.086 1.000048e+00
28.179 9.999973e-01
28.272 1.000079e+00
28.365 1.000024e+00
28.458 1.000100e+00
28.551 1.000039e+00
28.644 1.000109e+00
28.737 1.000043e+00
28.83 1.000107e+00
28.923 1.000037e+00
29.016 1.000096e+00
29.109 1.000022e+00
29.202 1.000078e+00
29.295 1.000002e+00
29.388 1.000056e+00
29.481 9.999802e-01
29.574 1.000034e+00
29.667 9.999594e-01
29.76 1.000015e+00
29.853 9.999423e-01
29.946 9.999998e-01
30.039 9.999308e-01
30.132 9.999910e-01
30.225 9.999255e-01
30.318 9.999886e-01
30.411 9.999263e-01
30.504 9.999919e-01
30.597 9.999324e-01
30.69 9.999997e-01
30.783 9.999422e-01
30.876 1.000011e+00
30.969 9.999540e-01
31.062 1.000022e+00
31.155 9.999660e-01
31.248 1.000034e+00
31.341 9.999768e-01
31.434 1.000043e+00
31.527 9.999851e-01
31.62 1.000050e+00
31.713 9.999901e-01
31.806 1.000053e+00
31.899 9.999918e-01
31.992 1.000053e+00
32.085 9.999903e-01
32.178 1.000050e+00
32.271 9.999864e-01
32.364 1.000045e+00
32.457 9.999809e-01
32.55 1.000039e+00
32.643 9.999747e-01
32.736 1.000032e+00
32.829 9.999688e-01
32.922 1.000027e+00
33.015 9.999638e-01
33.108 1.000022e+00
33.201 9.999602e-01
33.294 1.000019e+00
33.387 9.999582e-01
33.48 1.000018e+00
33.573 9.999578e-01
33.666 1.000018e+00
33.759 9.999588e-01
33.852 1.000020e+00
33.945 9.999608e-01
34.038 1.000022e+00
34.131 9.999634e-01
34.224 1.000025e+00
34.317 9.999661e-01
34.41 1.000027e+00
34.503 9.999687e-01
34.596 1.000029e+00
34.689 9.999709e-01
34.782 1.000031e+00
34.875 9.999725e-01
34.968 1.000033e+00
35.061 9.999737e-01
35.154 1.000034e+00
35.247 9.999744e-01
35.34 1.000034e+00
35.433 9.999748e-01
35.526 1.000034e+00
35.619 9.999750e-01
