0 5.366973e-05
0.093 5.366972e-05
0.186 5.366973e-05
0.279 5.366972e-05
0.372 5.366973e-05
0.465 5.366972e-05
0.558 5.366973e-05
0.651 5.366962e-05
0.744 5.366942e-05
0.837 5.366924e-05
0.93 5.366905e-05
1.023 5.366887e-05
1.116 5.366870e-05
1.209 5.366854e-05
1.302 5.366839e-05
1.395 5.366825e-05
1.488 5.366813e-05
1.581 5.366801e-05
1.674 5.366791e-05
1.767 5.366782e-05
1.86 5.366774e-05
1.953 5.366767e-05
2.046 5.366761e-05
2.139 5.366755e-05
2.232 5.366751e-05
2.325 5.366747e-05
2.418 5.366743e-05
2.511 5.366740e-05
2.604 5.366738e-05
2.697 5.366735e-05
2.79 5.366734e-05
2.883 5.366732e-05
2.976 5.366731e-05
3.069 5.366729e-05
3.162 5.366728e-05
3.255 5.366728e-05
3.348 5.366727e-05
3.441 3.739726e+00
3.534 3.336188e+00
3.627 2.986685e+00
3.72 2.676245e+00
3.813 2.406074e+00
3.906 2.166844e+00
3.999 1.960631e+00
4.092 1.771804e+00
4.185 1.607393e+00
4.278 1.460304e+00
4.371 1.331343e+00
4.464 1.213556e+00
4.557 1.114756e+00
4.65 1.023115e+00
4.743 9.466039e-01
4.836 8.826923e-01
4.929 8.265342e-01
5.022 7.803676e-01
5.115 7.395755e-01
5.208 7.075435e-01
5.301 6.850678e-01
5.394 6.634303e-01
5.487 6.545890e-01
5.58 6.445155e-01
5.673 6.451700e-01
5.766 6.499012e-01
5.859 6.642326e-01
5.952 6.799619e-01
6.045 7.032854e-01
6.138 7.360715e-01
6.231 7.784178e-01
6.324 8.272726e-01
6.417 8.704085e-01
6.51 9.018264e-01
6.603 9.343157e-01
6.696 9.565857e-01
6.789 9.818729e-01
6.882 9.983013e-01
6.975 1.020709e+00
7.068 1.039524e+00
7.161 1.059965e+00
7.254 1.085998e+00
7.347 1.103670e+00
7.44 1.162363e+00
7.533 1.195915e+00
7.626 1.216797e+00
7.719 1.220267e+00
7.812 1.216543e+00
7.905 1.202117e+00
7.998 1.184606e+00
8.091 1.161047e+00
8.184 1.137184e+00
8.277 1.110402e+00
8.37 1.085022e+00
8.463 1.058764e+00
8.556 1.034981e+00
8.649 1.011600e+00
8.742 9.912975e-01
8.835 9.721610e-01
8.928 9.563685e-01
9.021 9.421815e-01
9.114 9.313679e-01
9.207 9.221604e-01
9.3 9.159852e-01
9.393 9.113049e-01
9.486 9.093764e-01
9.579 9.087855e-01
9.672 9.106825e-01
9.765 9.137440e-01
9.858 9.189943e-01
9.951 9.251786e-01
10.044 9.332243e-01
10.137 9.418964e-01
10.23 9.520746e-01
10.323 9.625468e-01
10.416 9.736414e-01
10.509 9.839904e-01
10.602 9.941730e-01
10.695 1.003132e+00
10.788 1.011579e+00
10.881 1.018646e+00
10.974 1.025101e+00
11.067 1.030196e+00
11.16 1.034717e+00
11.253 1.038012e+00
11.346 1.040797e+00
11.439 1.042576e+00
11.532 1.043987e+00
11.625 1.044078e+00
11.718 1.043433e+00
11.811 1.041406e+00
11.904 1.038703e+00
11.997 1.034846e+00
12.09 1.030577e+00
12.183 1.025504e+00
12.276 1.020351e+00
12.369 1.014762e+00
12.462 1.009413e+00
12.555 1.003953e+00
12.648 9.989974e-01
12.741 9.941848e-01
12.834 9.900625e-01
12.927 9.862559e-01
13.02 9.832465e-01
13.113 9.806435e-01
13.206 9.788667e-01
13.299 9.775087e-01
13.392 9.769381e-01
13.485 9.767427e-01
13.578 9.772551e-01
13.671 9.780667e-01
13.764 9.794830e-01
13.857 9.811021e-01
13.95 9.832069e-01
14.043 9.854041e-01
14.136 9.879579e-01
14.229 9.904852e-01
14.322 9.932355e-01
14.415 9.958334e-01
14.508 9.985118e-01
14.601 1.000913e+00
14.694 1.003270e+00
14.787 1.005257e+00
14.88 1.007117e+00
14.973 1.008555e+00
15.066 1.009825e+00
15.159 1.010661e+00
15.252 1.011324e+00
15.345 1.011574e+00
15.438 1.011672e+00
15.531 1.011398e+00
15.624 1.011006e+00
15.717 1.010288e+00
15.81 1.009494e+00
15.903 1.008430e+00
15.996 1.007343e+00
16.089 1.006050e+00
16.182 1.004796e+00
16.275 1.003407e+00
16.368 1.002117e+00
16.461 1.000761e+00
16.554 9.995598e-01
16.647 9.983507e-01
16.74 9.973408e-01
16.833 9.963671e-01
16.926 9.956216e-01
17.019 9.949399e-01
17.112 9.944984e-01
17.205 9.941312e-01
17.298 9.939999e-01
17.391 9.939374e-01
17.484 9.940926e-01
17.577 9.942986e-01
17.67 9.946939e-01
17.763 9.951136e-01
17.856 9.956879e-01
17.949 9.962557e-01
18.042 9.969408e-01
18.135 9.975872e-01
18.228 9.983140e-01
18.321 9.989714e-01
18.414 9.996751e-01
18.507 1.000282e+00
18.6 1.000906e+00
18.693 1.001413e+00
18.786 1.001913e+00
18.879 1.002282e+00
18.972 1.002632e+00
19.065 1.002845e+00
19.158 1.003033e+00
19.251 1.003088e+00
19.344 1.003120e+00
19.437 1.003029e+00
19.53 1.002925e+00
19.623 1.002712e+00
19.716 1.002499e+00
19.809 1.002197e+00
19.902 1.001909e+00
19.995 1.001551e+00
20.088 1.001225e+00
20.181 1.000847e+00
20.274 1.000516e+00
20.367 1.000152e+00
20.46 9.998470e-01
20.553 9.995239e-01
20.646 9.992706e-01
20.739 9.990103e-01
20.832 9.988262e-01
20.925 9.986424e-01
21.018 9.985371e-01
21.111 9.984353e-01
21.204 9.984105e-01
21.297 9.983885e-01
21.39 9.984383e-01
21.483 9.984872e-01
21.576 9.985999e-01
21.669 9.987055e-01
21.762 9.988652e-01
21.855 9.990101e-01
21.948 9.991986e-01
22.041 9.993642e-01
22.134 9.995630e-01
22.227 9.997312e-01
22.32 9.999230e-01
22.413 1.000078e+00
22.506 1.000248e+00
22.599 1.000376e+00
22.692 1.000513e+00
22.785 1.000606e+00
22.878 1.000704e+00
22.971 1.000755e+00
23.064 1.000811e+00
23.157 1.000821e+00
23.25 1.000835e+00
23.343 1.000807e+00
23.436 1.000784e+00
23.529 1.000723e+00
23.622 1.000671e+00
23.715 1.000586e+00
23.808 1.000514e+00
23.901 1.000414e+00
23.994 1.000331e+00
24.087 1.000226e+00
24.18 1.000141e+00
24.273 1.000041e+00
24.366 9.999624e-01
24.459 9.998729e-01
24.552 9.998081e-01
24.645 9.997356e-01
24.738 9.996890e-01
24.831 9.996370e-01
24.924 9.996112e-01
25.017 9.995811e-01
25.11 9.995764e-01
25.203 9.995677e-01
25.296 9.995827e-01
25.389 9.995930e-01
25.482 9.996246e-01
25.575 9.996502e-01
25.668 9.996943e-01
25.761 9.997307e-01
25.854 9.997824e-01
25.947 9.998247e-01
26.04 9.998792e-01
26.133 9.999225e-01
26.226 9.999751e-01
26.319 1.000015e+00
26.412 1.000062e+00
26.505 1.000095e+00
26.598 1.000134e+00
26.691 1.000158e+00
26.784 1.000185e+00
26.877 1.000199e+00
26.97 1.000215e+00
27.063 1.000218e+00
27.156 1.000223e+00
27.249 1.000216e+00
27.342 1.000211e+00
27.435 1.000195e+00
27.528 1.000182e+00
27.621 1.000160e+00
27.714 1.000141e+00
27.807 1.000115e+00
27.9 1.000093e+00
27.993 1.000065e+00
28.086 1.000043e+00
28.179 1.000016e+00
28.272 9.999948e-01
28.365 9.999706e-01
28.458 9.999530e-01
28.551 9.999333e-01
28.644 9.999202e-01
28.737 9.999060e-01
28.83 9.998982e-01
28.923 9.998898e-01
29.016 9.998876e-01
29.109 9.998849e-01
29.202 9.998878e-01
29.295 9.998903e-01
29.388 9.998976e-01
29.481 9.999043e-01
29.574 9.999149e-01
29.667 9.999247e-01
29.76 9.999374e-01
29.853 9.999490e-01
29.946 9.999625e-01
30.039 9.999746e-01
30.132 9.999878e-01
30.225 9.999993e-01
30.318 1.000011e+00
30.411 1.000021e+00
30.504 1.000031e+00
30.597 1.000038e+00
30.69 1.000045e+00
30.783 1.000050e+00
30.876 1.000054e+00
30.969 1.000057e+00
31.062 1.000058e+00
31.155 1.000057e+00
31.248 1.000056e+00
31.341 1.000053e+00
31.434 1.000050e+00
31.527 1.000046e+00
31.62 1.000040e+00
31.713 1.000035e+00
31.806 1.000028e+00
31.899 1.000023e+00
31.992 1.000016e+00
32.085 1.000010e+00
32.178 1.000003e+00
32.271 9.999984e-01
32.364 9.999923e-01
32.457 9.999882e-01
32.55 9.999831e-01
32.643 9.999803e-01
32.736 9.999763e-01
32.829 9.999749e-01
32.922 9.999722e-01
33.015 9.999721e-01
33.108 9.999706e-01
33.201 9.999718e-01
33.294 9.999713e-01
33.387 9.999735e-01
33.48 9.999739e-01
33.573 9.999770e-01
33.666 9.999779e-01
33.759 9.999816e-01
33.852 9.999829e-01
33.945 9.999868e-01
34.038 9.999882e-01
34.131 9.999923e-01
34.224 9.999936e-01
34.317 9.999975e-01
34.41 9.999986e-01
34.503 1.000002e+00
34.596 1.000003e+00
34.689 1.000006e+00
34.782 1.000007e+00
34.875 1.000010e+00
34.968 1.000010e+00
35.061 1.000012e+00
35.154 1.000012e+00
35.247 1.000014e+00
35.34 1.000014e+00
35.433 1.000016e+00
35.526 1.000014e+00
35.619 1.000016e+00
