0 1.243087e-04
0.093 1.243087e-04
0.186 1.243087e-04
0.279 1.243087e-04
0.372 1.243087e-04
0.465 1.243087e-04
0.558 1.243087e-04
0.651 1.243087e-04
0.744 1.243086e-04
0.837 1.243086e-04
0.93 1.243086e-04
1.023 1.243085e-04
1.116 1.243085e-04
1.209 1.243085e-04
1.302 1.243084e-04
1.395 1.243084e-04
1.488 1.243084e-04
1.581 1.243083e-04
1.674 1.243083e-04
1.767 1.243083e-04
1.86 1.243083e-04
1.953 1.243083e-04
2.046 1.243082e-04
2.139 1.243082e-04
2.232 1.243082e-04
2.325 1.243082e-04
2.418 1.243082e-04
2.511 1.243082e-04
2.604 1.243082e-04
2.697 1.243082e-04
2.79 1.243081e-04
2.883 1.243081e-04
2.976 1.243081e-04
3.069 1.243081e-04
3.162 1.243081e-04
3.255 1.243081e-04
3.348 1.243081e-04
3.441 2.858180e+00
3.534 2.628256e+00
3.627 2.421970e+00
3.72 2.234170e+00
3.813 2.066226e+00
3.906 1.913094e+00
3.999 1.777083e+00
4.092 1.650572e+00
4.185 1.537549e+00
4.278 1.434124e+00
4.371 1.341759e+00
4.464 1.255531e+00
4.557 1.181083e+00
4.65 1.110578e+00
4.743 1.049096e+00
4.836 9.977278e-01
4.929 9.497712e-01
5.022 9.099244e-01
5.115 8.726182e-01
5.208 8.430261e-01
5.301 8.200655e-01
5.394 7.983068e-01
5.487 7.869571e-01
5.58 7.742795e-01
5.673 7.718394e-01
5.766 7.692672e-01
5.859 7.776068e-01
5.952 7.853164e-01
6.045 8.014188e-01
6.138 8.244861e-01
6.231 8.549958e-01
6.324 8.954976e-01
6.417 9.268621e-01
6.51 9.528233e-01
6.603 9.744141e-01
6.696 9.910300e-01
6.789 1.005164e+00
6.882 1.015132e+00
6.975 1.024459e+00
7.068 1.031868e+00
7.161 1.037863e+00
7.254 1.045395e+00
7.347 1.048812e+00
7.44 1.065958e+00
7.533 1.075375e+00
7.626 1.081408e+00
7.719 1.081776e+00
7.812 1.080131e+00
7.905 1.074727e+00
7.998 1.068443e+00
8.091 1.059839e+00
8.184 1.051249e+00
8.277 1.041390e+00
8.37 1.032167e+00
8.463 1.022443e+00
8.556 1.013803e+00
8.649 1.005191e+00
8.742 9.979387e-01
8.835 9.910551e-01
8.928 9.856736e-01
9.021 9.808660e-01
9.114 9.775960e-01
9.207 9.748529e-01
9.3 9.733623e-01
9.393 9.722244e-01
9.486 9.721283e-01
9.579 9.722564e-01
9.672 9.732742e-01
9.765 9.744317e-01
9.858 9.763523e-01
9.951 9.783395e-01
10.044 9.809823e-01
10.137 9.836165e-01
10.23 9.868176e-01
10.323 9.899603e-01
10.416 9.933953e-01
10.509 9.964303e-01
10.602 9.994773e-01
10.695 1.001956e+00
10.788 1.004316e+00
10.881 1.006057e+00
10.974 1.007646e+00
11.067 1.008642e+00
11.16 1.009514e+00
11.253 1.009866e+00
11.346 1.010151e+00
11.439 1.010017e+00
11.532 1.009901e+00
11.625 1.009398e+00
11.718 1.008910e+00
11.811 1.008077e+00
11.904 1.007297e+00
11.997 1.006238e+00
12.09 1.005283e+00
12.183 1.004118e+00
12.276 1.003109e+00
12.369 1.001955e+00
12.462 1.001002e+00
12.555 9.999589e-01
12.648 9.991532e-01
12.741 9.982986e-01
12.834 9.977030e-01
12.927 9.970847e-01
13.02 9.967322e-01
13.113 9.963673e-01
13.206 9.962595e-01
13.299 9.961317e-01
13.392 9.962364e-01
13.485 9.963020e-01
13.578 9.965694e-01
13.671 9.967754e-01
13.764 9.971526e-01
13.857 9.974471e-01
13.95 9.978850e-01
14.043 9.982223e-01
14.136 9.986790e-01
14.229 9.990204e-01
14.322 9.994614e-01
14.415 9.997751e-01
14.508 1.000170e+00
14.601 1.000426e+00
14.694 1.000748e+00
14.787 1.000926e+00
14.88 1.001159e+00
14.973 1.001249e+00
15.066 1.001391e+00
15.159 1.001394e+00
15.252 1.001452e+00
15.345 1.001379e+00
15.438 1.001367e+00
15.531 1.001237e+00
15.624 1.001174e+00
15.717 1.001005e+00
15.81 1.000910e+00
15.903 1.000720e+00
15.996 1.000612e+00
16.089 1.000419e+00
16.182 1.000312e+00
16.275 1.000130e+00
16.368 1.000038e+00
16.461 9.998780e-01
16.554 9.998094e-01
16.647 9.996780e-01
16.74 9.996385e-01
16.833 9.995395e-01
16.926 9.995311e-01
17.019 9.994650e-01
17.112 9.994867e-01
17.205 9.994508e-01
17.298 9.994989e-01
17.391 9.994883e-01
17.484 9.995570e-01
17.577 9.995651e-01
17.67 9.996474e-01
17.763 9.996671e-01
17.856 9.997559e-01
17.949 9.997802e-01
18.042 9.998692e-01
18.135 9.998922e-01
18.228 9.999760e-01
18.321 9.999931e-01
18.414 1.000068e+00
18.507 1.000076e+00
18.6 1.000139e+00
18.693 1.000136e+00
18.786 1.000187e+00
18.879 1.000173e+00
18.972 1.000211e+00
19.065 1.000186e+00
19.158 1.000213e+00
19.251 1.000179e+00
19.344 1.000196e+00
19.437 1.000155e+00
19.53 1.000166e+00
19.623 1.000120e+00
19.716 1.000127e+00
19.809 1.000079e+00
19.902 1.000084e+00
19.995 1.000037e+00
20.088 1.000042e+00
20.181 9.999969e-01
20.274 1.000005e+00
20.367 9.999632e-01
20.46 9.999742e-01
20.553 9.999375e-01
20.646 9.999525e-01
20.739 9.999208e-01
20.832 9.999399e-01
20.925 9.999130e-01
21.018 9.999359e-01
21.111 9.999133e-01
21.204 9.999394e-01
21.297 9.999203e-01
21.39 9.999488e-01
21.483 9.999323e-01
21.576 9.999622e-01
21.669 9.999474e-01
21.762 9.999777e-01
21.855 9.999637e-01
21.948 9.999936e-01
22.041 9.999795e-01
22.134 1.000008e+00
22.227 9.999935e-01
22.32 1.000021e+00
22.413 1.000005e+00
22.506 1.000030e+00
22.599 1.000013e+00
22.692 1.000036e+00
22.785 1.000017e+00
22.878 1.000039e+00
22.971 1.000019e+00
23.064 1.000038e+00
23.157 1.000017e+00
23.25 1.000035e+00
23.343 1.000013e+00
23.436 1.000031e+00
23.529 1.000008e+00
23.622 1.000025e+00
23.715 1.000003e+00
23.808 1.000019e+00
23.901 9.999966e-01
23.994 1.000013e+00
24.087 9.999911e-01
24.18 1.000007e+00
24.273 9.999866e-01
24.366 1.000003e+00
24.459 9.999832e-01
24.552 1.000000e+00
24.645 9.999810e-01
24.738 9.999983e-01
24.831 9.999801e-01
24.924 9.999978e-01
25.017 9.999804e-01
25.11 9.999983e-01
25.203 9.999816e-01
25.296 9.999997e-01
25.389 9.999834e-01
25.482 1.000002e+00
25.575 9.999856e-01
25.668 1.000004e+00
25.761 9.999880e-01
25.854 1.000006e+00
25.947 9.999903e-01
26.04 1.000008e+00
26.133 9.999924e-01
26.226 1.000010e+00
26.319 9.999940e-01
26.412 1.000011e+00
26.505 9.999952e-01
26.598 1.000012e+00
26.691 9.999959e-01
26.784 1.000012e+00
26.877 9.999961e-01
26.97 1.000012e+00
27.063 9.999959e-01
27.156 1.000011e+00
27.249 9.999955e-01
27.342 1.000011e+00
27.435 9.999948e-01
27.528 1.000010e+00
27.621 9.999940e-01
27.714 1.000009e+00
27.807 9.999932e-01
27.9 1.000008e+00
27.993 9.999925e-01
28.086 1.000007e+00
28.179 9.999919e-01
28.272 1.000006e+00
28.365 9.999914e-01
28.458 1.000006e+00
28.551 9.999911e-01
28.644 1.000006e+00
28.737 9.999910e-01
28.83 1.000006e+00
28.923 9.999911e-01
29.016 1.000006e+00
29.109 9.999913e-01
29.202 1.000006e+00
29.295 9.999916e-01
29.388 1.000006e+00
29.481 9.999919e-01
29.574 1.000006e+00
29.667 9.999923e-01
29.76 1.000007e+00
29.853 9.999926e-01
29.946 1.000007e+00
30.039 9.999930e-01
30.132 1.000007e+00
30.225 9.999932e-01
30.318 1.000007e+00
30.411 9.999934e-01
30.504 1.000007e+00
30.597 9.999936e-01
30.69 1.000007e+00
30.783 9.999936e-01
30.876 1.000007e+00
30.969 9.999937e-01
31.062 1.000007e+00
31.155 9.999936e-01
31.248 1.000007e+00
31.341 9.999936e-01
31.434 1.000007e+00
31.527 9.999935e-01
31.62 1.000007e+00
31.713 9.999934e-01
31.806 1.000007e+00
31.899 9.999933e-01
31.992 1.000006e+00
32.085 9.999932e-01
32.178 1.000006e+00
32.271 9.999932e-01
32.364 1.000006e+00
32.457 9.999931e-01
32.55 1.000006e+00
32.643 9.999931e-01
32.736 1.000006e+00
32.829 9.999931e-01
32.922 1.000006e+00
33.015 9.999932e-01
33.108 1.000006e+00
33.201 9.999932e-01
33.294 1.000006e+00
33.387 9.999933e-01
33.48 1.000006e+00
33.573 9.999933e-01
33.666 1.000006e+00
33.759 9.999934e-01
33.852 1.000006e+00
33.945 9.999934e-01
34.038 1.000006e+00
34.131 9.999935e-01
34.224 1.000006e+00
34.317 9.999935e-01
34.41 1.000006e+00
34.503 9.999935e-01
34.596 1.000006e+00
34.689 9.999935e-01
34.782 1.000006e+00
34.875 9.999935e-01
34.968 1.000006e+00
35.061 9.999935e-01
35.154 1.000006e+00
35.247 9.999935e-01
35.34 1.000006e+00
35.433 9.999935e-01
35.526 1.000006e+00
35.619 9.999935e-01
