0 2.937808e-05
0.093 2.937800e-05
0.186 2.937807e-05
0.279 2.937794e-05
0.372 2.937806e-05
0.465 2.937795e-05
0.558 2.937812e-05
0.651 2.937600e-05
0.744 2.937213e-05
0.837 2.936890e-05
0.93 2.936562e-05
1.023 2.936267e-05
1.116 2.936001e-05
1.209 2.935768e-05
1.302 2.935559e-05
1.395 2.935381e-05
1.488 2.935227e-05
1.581 2.935099e-05
1.674 2.934993e-05
1.767 2.934908e-05
1.86 2.934838e-05
1.953 2.934784e-05
2.046 2.934740e-05
2.139 2.934706e-05
2.232 2.934680e-05
2.325 2.934660e-05
2.418 2.934644e-05
2.511 2.934632e-05
2.604 2.934623e-05
2.697 2.934615e-05
2.79 2.934610e-05
2.883 2.934605e-05
2.976 2.934602e-05
3.069 2.934599e-05
3.162 2.934597e-05
3.255 2.934595e-05
3.348 2.934593e-05
3.441 4.793514e+00
3.534 4.052220e+00
3.627 3.438632e+00
3.72 2.925639e+00
3.813 2.501111e+00
3.906 2.145274e+00
3.999 1.854418e+00
4.092 1.598866e+00
4.185 1.387514e+00
4.278 1.208028e+00
4.371 1.059047e+00
4.464 9.273645e-01
4.557 8.262679e-01
4.65 7.343743e-01
4.743 6.643633e-01
4.836 6.167987e-01
4.929 5.734458e-01
5.022 5.462183e-01
5.115 5.209198e-01
5.208 5.108541e-01
5.301 5.113835e-01
5.394 5.115511e-01
5.487 5.322104e-01
5.58 5.457070e-01
5.673 5.811583e-01
5.766 6.131513e-01
5.859 6.706660e-01
5.952 7.209379e-01
6.045 7.928045e-01
6.138 8.797704e-01
6.231 9.821378e-01
6.324 1.098419e+00
6.417 1.168341e+00
6.51 1.206473e+00
6.603 1.227798e+00
6.696 1.227332e+00
6.789 1.223150e+00
6.882 1.204837e+00
6.975 1.192310e+00
7.068 1.175818e+00
7.161 1.161912e+00
7.254 1.157526e+00
7.347 1.144027e+00
7.44 1.184408e+00
7.533 1.187968e+00
7.626 1.177134e+00
7.719 1.147321e+00
7.812 1.114513e+00
7.905 1.074305e+00
7.998 1.037260e+00
8.091 9.990116e-01
8.184 9.668197e-01
8.277 9.364030e-01
8.37 9.129758e-01
8.463 8.926736e-01
8.556 8.794535e-01
8.649 8.696903e-01
8.742 8.665484e-01
8.835 8.666115e-01
8.928 8.724823e-01
9.021 8.808690e-01
9.114 8.937861e-01
9.207 9.072521e-01
9.3 9.226997e-01
9.393 9.371149e-01
9.486 9.524032e-01
9.579 9.661180e-01
9.672 9.804130e-01
9.765 9.931220e-01
9.858 1.006335e+00
9.951 1.018017e+00
10.044 1.030130e+00
10.137 1.040592e+00
10.23 1.051302e+00
10.323 1.060014e+00
10.416 1.067091e+00
10.509 1.070235e+00
10.602 1.070970e+00
10.695 1.068010e+00
10.788 1.063319e+00
10.881 1.056014e+00
10.974 1.048076e+00
11.067 1.038710e+00
11.16 1.029731e+00
11.253 1.020323e+00
11.346 1.011999e+00
11.439 1.003973e+00
11.532 9.974121e-01
11.625 9.908998e-01
11.718 9.855389e-01
11.811 9.802718e-01
11.904 9.762416e-01
11.997 9.724947e-01
12.09 9.700918e-01
12.183 9.680937e-01
12.276 9.674688e-01
12.369 9.672846e-01
12.462 9.684239e-01
12.555 9.699521e-01
12.648 9.726709e-01
12.741 9.756379e-01
12.834 9.795791e-01
12.927 9.835447e-01
13.02 9.881954e-01
13.113 9.925814e-01
13.206 9.973022e-01
13.299 1.001416e+00
13.392 1.005521e+00
13.485 1.008766e+00
13.578 1.011801e+00
13.671 1.013882e+00
13.764 1.015707e+00
13.857 1.016614e+00
13.95 1.017315e+00
14.043 1.017200e+00
14.136 1.016972e+00
14.229 1.016046e+00
14.322 1.015095e+00
14.415 1.013538e+00
14.508 1.012005e+00
14.601 1.009943e+00
14.694 1.007981e+00
14.787 1.005613e+00
14.88 1.003467e+00
14.973 1.001068e+00
15.066 9.990266e-01
15.159 9.968825e-01
15.252 9.952130e-01
15.345 9.935552e-01
15.438 9.924448e-01
15.531 9.914088e-01
15.624 9.909356e-01
15.717 9.905386e-01
15.81 9.906694e-01
15.903 9.908399e-01
15.996 9.914750e-01
16.089 9.920904e-01
16.182 9.930908e-01
16.275 9.940014e-01
16.368 9.952144e-01
16.461 9.962695e-01
16.554 9.975511e-01
16.647 9.986158e-01
16.74 9.998424e-01
16.833 1.000805e+00
16.926 1.001876e+00
17.019 1.002646e+00
17.112 1.003484e+00
17.205 1.003995e+00
17.298 1.004545e+00
17.391 1.004756e+00
17.484 1.004992e+00
17.577 1.004897e+00
17.67 1.004834e+00
17.763 1.004466e+00
17.856 1.004156e+00
17.949 1.003583e+00
18.042 1.003106e+00
18.135 1.002416e+00
18.228 1.001861e+00
18.321 1.001139e+00
18.414 1.000589e+00
18.507 9.999115e-01
18.6 9.994313e-01
18.693 9.988534e-01
18.786 9.984896e-01
18.879 9.980481e-01
18.972 9.978291e-01
19.065 9.975439e-01
19.158 9.974814e-01
19.251 9.973559e-01
19.344 9.974457e-01
19.437 9.974680e-01
19.53 9.976909e-01
19.623 9.978352e-01
19.716 9.981598e-01
19.809 9.983895e-01
19.902 9.987759e-01
19.995 9.990487e-01
20.088 9.994536e-01
20.181 9.997267e-01
20.274 1.000109e+00
20.367 1.000345e+00
20.46 1.000673e+00
20.553 1.000843e+00
20.646 1.001093e+00
20.739 1.001182e+00
20.832 1.001344e+00
20.925 1.001346e+00
21.018 1.001421e+00
21.111 1.001343e+00
21.204 1.001341e+00
21.297 1.001195e+00
21.39 1.001131e+00
21.483 1.000936e+00
21.576 1.000831e+00
21.669 1.000607e+00
21.762 1.000481e+00
21.855 1.000250e+00
21.948 1.000125e+00
22.041 9.999064e-01
22.134 9.998014e-01
22.227 9.996127e-01
22.32 9.995420e-01
22.413 9.993946e-01
22.506 9.993670e-01
22.599 9.992668e-01
22.692 9.992851e-01
22.785 9.992318e-01
22.878 9.992931e-01
22.971 9.992813e-01
23.064 9.993783e-01
23.157 9.993990e-01
23.25 9.995214e-01
23.343 9.995635e-01
23.436 9.996997e-01
23.529 9.997513e-01
23.622 9.998897e-01
23.715 9.999397e-01
23.808 1.000070e+00
23.901 1.000109e+00
23.994 1.000223e+00
24.087 1.000243e+00
24.18 1.000335e+00
24.273 1.000333e+00
24.366 1.000399e+00
24.459 1.000374e+00
24.552 1.000415e+00
24.645 1.000367e+00
24.738 1.000387e+00
24.831 1.000320e+00
24.924 1.000322e+00
25.017 1.000242e+00
25.11 1.000233e+00
25.203 1.000147e+00
25.296 1.000133e+00
25.389 1.000045e+00
25.482 1.000032e+00
25.575 9.999496e-01
25.668 9.999430e-01
25.761 9.998696e-01
25.854 9.998728e-01
25.947 9.998115e-01
26.04 9.998267e-01
26.133 9.997788e-01
26.226 9.998064e-01
26.319 9.997718e-01
26.412 9.998110e-01
26.505 9.997880e-01
26.598 9.998368e-01
26.691 9.998230e-01
26.784 9.998785e-01
26.877 9.998707e-01
26.97 9.999296e-01
27.063 9.999244e-01
27.156 9.999835e-01
27.249 9.999777e-01
27.342 1.000034e+00
27.435 1.000025e+00
27.528 1.000076e+00
27.621 1.000062e+00
27.714 1.000107e+00
27.807 1.000086e+00
27.9 1.000123e+00
27.993 1.000096e+00
28.086 1.000127e+00
28.179 1.000094e+00
28.272 1.000118e+00
28.365 1.000080e+00
28.458 1.000099e+00
28.551 1.000058e+00
28.644 1.000073e+00
28.737 1.000030e+00
28.83 1.000045e+00
28.923 1.000002e+00
29.016 1.000017e+00
29.109 9.999753e-01
29.202 9.999915e-01
29.295 9.999531e-01
29.388 9.999719e-01
29.481 9.999371e-01
29.574 9.999592e-01
29.667 9.999282e-01
29.76 9.999536e-01
29.853 9.999265e-01
29.946 9.999550e-01
30.039 9.999312e-01
30.132 9.999623e-01
30.225 9.999411e-01
30.318 9.999739e-01
30.411 9.999545e-01
30.504 9.999881e-01
30.597 9.999694e-01
30.69 1.000003e+00
30.783 9.999843e-01
30.876 1.000017e+00
30.969 9.999975e-01
31.062 1.000029e+00
31.155 1.000008e+00
31.248 1.000037e+00
31.341 1.000015e+00
31.434 1.000042e+00
31.527 1.000018e+00
31.62 1.000043e+00
31.713 1.000018e+00
31.806 1.000041e+00
31.899 1.000014e+00
31.992 1.000036e+00
32.085 1.000009e+00
32.178 1.000030e+00
32.271 1.000002e+00
32.364 1.000022e+00
32.457 9.999940e-01
32.55 1.000015e+00
32.643 9.999868e-01
32.736 1.000008e+00
32.829 9.999806e-01
32.922 1.000002e+00
33.015 9.999759e-01
33.108 9.999981e-01
33.201 9.999729e-01
33.294 9.999958e-01
33.387 9.999716e-01
33.48 9.999953e-01
33.573 9.999720e-01
33.666 9.999963e-01
33.759 9.999736e-01
33.852 9.999984e-01
33.945 9.999763e-01
34.038 1.000001e+00
34.131 9.999795e-01
34.224 1.000005e+00
34.317 9.999830e-01
34.41 1.000008e+00
34.503 9.999864e-01
34.596 1.000011e+00
34.689 9.999895e-01
34.782 1.000014e+00
34.875 9.999922e-01
34.968 1.000017e+00
35.061 9.999943e-01
35.154 1.000018e+00
35.247 9.999959e-01
35.34 1.000020e+00
35.433 9.999969e-01
35.526 1.000020e+00
35.619 9.999974e-01
