0 7.722098e-06
0.093 7.719185e-06
0.186 7.716001e-06
0.279 7.713523e-06
0.372 7.711345e-06
0.465 7.709425e-06
0.558 7.707754e-06
0.651 7.706285e-06
0.744 7.705030e-06
0.837 7.703951e-06
0.93 7.703056e-06
1.023 7.702304e-06
1.116 7.701694e-06
1.209 7.701190e-06
1.302 7.700791e-06
1.395 7.700472e-06
1.488 7.700223e-06
1.581 7.700024e-06
1.674 7.699870e-06
1.767 7.699747e-06
1.86 7.699650e-06
1.953 7.699573e-06
2.046 7.699514e-06
2.139 7.699468e-06
2.232 7.699431e-06
2.325 7.699400e-06
2.418 7.699374e-06
2.511 7.699354e-06
2.604 7.699337e-06
2.697 7.699323e-06
2.79 7.699312e-06
2.883 4.002642e+00
2.976 3.439612e+00
3.069 2.946414e+00
3.162 2.549907e+00
3.255 2.208460e+00
3.348 1.916639e+00
3.441 1.677480e+00
3.534 1.467980e+00
3.627 1.282162e+00
3.72 1.134875e+00
3.813 1.002685e+00
3.906 9.016458e-01
3.999 8.108626e-01
4.092 7.411469e-01
4.185 6.774605e-01
4.278 6.357638e-01
4.371 5.953359e-01
4.464 5.762235e-01
4.557 5.584470e-01
4.65 5.594758e-01
4.743 5.576265e-01
4.836 5.746826e-01
4.929 5.944344e-01
5.022 6.243573e-01
5.115 6.487000e-01
5.208 7.031483e-01
5.301 7.509467e-01
5.394 8.253351e-01
5.487 8.847844e-01
5.58 9.946083e-01
5.673 1.126580e+00
5.766 1.201369e+00
5.859 1.248731e+00
5.952 1.265931e+00
6.045 1.266543e+00
6.138 1.252623e+00
6.231 1.231298e+00
6.324 1.204468e+00
6.417 1.174528e+00
6.51 1.148746e+00
6.603 1.120683e+00
6.696 1.102611e+00
6.789 1.087684e+00
6.882 1.085188e+00
6.975 1.076250e+00
7.068 1.054777e+00
7.161 1.032111e+00
7.254 1.004741e+00
7.347 9.802659e-01
7.44 9.553061e-01
7.533 9.353059e-01
7.626 9.169400e-01
7.719 9.044563e-01
7.812 8.945986e-01
7.905 8.907629e-01
7.998 8.896501e-01
8.091 8.940631e-01
8.184 9.009325e-01
8.277 9.125237e-01
8.37 9.255952e-01
8.463 9.423632e-01
8.556 9.586738e-01
8.649 9.755078e-01
8.742 9.896973e-01
8.835 1.003057e+00
8.928 1.013242e+00
9.021 1.022484e+00
9.114 1.028933e+00
9.207 1.034840e+00
9.3 1.038476e+00
9.393 1.042038e+00
9.486 1.043867e+00
9.579 1.045885e+00
9.672 1.046564e+00
9.765 1.046995e+00
9.858 1.045003e+00
9.951 1.042021e+00
10.044 1.036705e+00
10.137 1.030785e+00
10.23 1.023288e+00
10.323 1.015976e+00
10.416 1.007973e+00
10.509 1.000887e+00
10.602 9.938264e-01
10.695 9.882086e-01
10.788 9.830860e-01
10.881 9.796718e-01
10.974 9.768607e-01
11.067 9.755698e-01
11.16 9.746986e-01
11.253 9.751525e-01
11.346 9.758643e-01
11.439 9.776634e-01
11.532 9.794971e-01
11.625 9.821590e-01
11.718 9.846524e-01
11.811 9.877615e-01
11.904 9.905513e-01
11.997 9.937955e-01
12.09 9.966080e-01
12.183 9.997385e-01
12.276 1.002338e+00
12.369 1.005122e+00
12.462 1.007271e+00
12.555 1.009462e+00
12.648 1.010886e+00
12.741 1.012198e+00
12.834 1.012661e+00
12.927 1.012960e+00
13.02 1.012447e+00
13.113 1.011836e+00
13.206 1.010551e+00
13.299 1.009305e+00
13.392 1.007565e+00
13.485 1.006021e+00
13.578 1.004153e+00
13.671 1.002612e+00
13.764 1.000874e+00
13.857 9.995353e-01
13.95 9.980662e-01
14.043 9.970268e-01
14.136 9.958985e-01
14.229 9.952157e-01
14.322 9.944712e-01
14.415 9.941752e-01
14.508 9.938301e-01
14.601 9.939214e-01
14.694 9.939589e-01
14.787 9.944037e-01
14.88 9.947716e-01
14.973 9.955002e-01
15.066 9.961103e-01
15.159 9.970185e-01
15.252 9.977546e-01
15.345 9.987201e-01
15.438 9.994579e-01
15.531 1.000359e+00
15.624 1.000985e+00
15.717 1.001721e+00
15.81 1.002152e+00
15.903 1.002664e+00
15.996 1.002864e+00
16.089 1.003136e+00
16.182 1.003108e+00
16.275 1.003162e+00
16.368 1.002942e+00
16.461 1.002824e+00
16.554 1.002461e+00
16.647 1.002222e+00
16.74 1.001770e+00
16.833 1.001461e+00
16.926 1.000969e+00
17.019 1.000640e+00
17.112 1.000156e+00
17.205 9.998546e-01
17.298 9.994243e-01
17.391 9.991910e-01
17.484 9.988499e-01
17.577 9.987151e-01
17.67 9.984857e-01
17.763 9.984640e-01
17.856 9.983521e-01
17.949 9.984406e-01
18.042 9.984350e-01
18.135 9.986158e-01
18.228 9.986927e-01
18.321 9.989378e-01
18.414 9.990664e-01
18.507 9.993438e-01
18.6 9.994920e-01
18.693 9.997710e-01
18.786 9.999102e-01
18.879 1.000165e+00
18.972 1.000274e+00
19.065 1.000487e+00
19.158 1.000549e+00
19.251 1.000709e+00
19.344 1.000719e+00
19.437 1.000822e+00
19.53 1.000778e+00
19.623 1.000828e+00
19.716 1.000736e+00
19.809 1.000739e+00
19.902 1.000608e+00
19.995 1.000577e+00
20.088 1.000422e+00
20.181 1.000371e+00
20.274 1.000207e+00
20.367 1.000152e+00
20.46 9.999930e-01
20.553 9.999485e-01
20.646 9.998073e-01
20.739 9.997833e-01
20.832 9.996681e-01
20.925 9.996708e-01
21.018 9.995855e-01
21.111 9.996164e-01
21.204 9.995607e-01
21.297 9.996179e-01
21.39 9.995880e-01
21.483 9.996666e-01
21.576 9.996567e-01
21.669 9.997501e-01
21.762 9.997530e-01
21.855 9.998539e-01
21.948 9.998621e-01
22.041 9.999631e-01
22.134 9.999697e-01
22.227 1.000064e+00
22.32 1.000063e+00
22.413 1.000147e+00
22.506 1.000134e+00
22.599 1.000203e+00
22.692 1.000177e+00
22.785 1.000230e+00
22.878 1.000190e+00
22.971 1.000228e+00
23.064 1.000175e+00
23.157 1.000202e+00
23.25 1.000140e+00
23.343 1.000158e+00
23.436 1.000090e+00
23.529 1.000104e+00
23.622 1.000035e+00
23.715 1.000048e+00
23.808 9.999805e-01
23.901 9.999957e-01
23.994 9.999337e-01
24.087 9.999539e-01
24.18 9.998988e-01
24.273 9.999255e-01
24.366 9.998782e-01
24.459 9.999119e-01
24.552 9.998724e-01
24.645 9.999126e-01
24.738 9.998801e-01
24.831 9.999257e-01
24.924 9.998985e-01
25.017 9.999478e-01
25.11 9.999241e-01
25.203 9.999750e-01
25.296 9.999529e-01
25.389 1.000004e+00
25.482 9.999810e-01
25.575 1.000030e+00
25.668 1.000005e+00
25.761 1.000051e+00
25.854 1.000023e+00
25.947 1.000065e+00
26.04 1.000034e+00
26.133 1.000071e+00
26.226 1.000037e+00
26.319 1.000071e+00
26.412 1.000033e+00
26.505 1.000064e+00
26.598 1.000024e+00
26.691 1.000052e+00
26.784 1.000011e+00
26.877 1.000038e+00
26.97 9.999969e-01
27.063 1.000023e+00
27.156 9.999828e-01
27.249 1.000010e+00
27.342 9.999707e-01
27.435 9.999987e-01
27.528 9.999616e-01
27.621 9.999912e-01
27.714 9.999563e-01
27.807 9.999877e-01
27.9 9.999549e-01
27.993 9.999879e-01
28.086 9.999570e-01
28.179 9.999913e-01
28.272 9.999619e-01
28.365 9.999970e-01
28.458 9.999686e-01
28.551 1.000004e+00
28.644 9.999761e-01
28.737 1.000011e+00
28.83 9.999834e-01
28.923 1.000018e+00
29.016 9.999898e-01
29.109 1.000024e+00
29.202 9.999945e-01
29.295 1.000027e+00
29.388 9.999973e-01
29.481 1.000029e+00
29.574 9.999982e-01
29.667 1.000029e+00
29.76 9.999972e-01
29.853 1.000027e+00
29.946 9.999949e-01
30.039 1.000024e+00
30.132 9.999916e-01
30.225 1.000020e+00
30.318 9.999878e-01
30.411 1.000017e+00
30.504 9.999842e-01
30.597 1.000013e+00
30.69 9.999810e-01
30.783 1.000010e+00
30.876 9.999787e-01
30.969 1.000008e+00
31.062 9.999773e-01
31.155 1.000007e+00
31.248 9.999769e-01
31.341 1.000007e+00
31.434 9.999775e-01
31.527 1.000008e+00
31.62 9.999787e-01
31.713 1.000010e+00
31.806 9.999804e-01
31.899 1.000012e+00
31.992 9.999823e-01
32.085 1.000014e+00
32.178 9.999841e-01
32.271 1.000015e+00
32.364 9.999857e-01
32.457 1.000017e+00
32.55 9.999868e-01
32.643 1.000018e+00
32.736 9.999875e-01
32.829 1.000018e+00
32.922 9.999876e-01
33.015 1.000018e+00
33.108 9.999873e-01
33.201 1.000017e+00
33.294 9.999866e-01
33.387 1.000017e+00
33.48 9.999857e-01
33.573 1.000016e+00
33.666 9.999847e-01
33.759 1.000015e+00
33.852 9.999838e-01
33.945 1.000014e+00
34.038 9.999831e-01
34.131 1.000014e+00
34.224 9.999826e-01
34.317 1.000013e+00
34.41 9.999824e-01
34.503 1.000013e+00
34.596 9.999825e-01
34.689 1.000014e+00
34.782 9.999827e-01
34.875 1.000014e+00
34.968 9.999831e-01
35.061 1.000015e+00
35.154 9.999835e-01
35.247 1.000015e+00
35.34 9.999838e-01
35.433 1.000016e+00
35.526 9.999840e-01
35.619 1.000016e+00
