0 4.196718e-05
0.093 4.196354e-05
0.186 4.195971e-05
0.279 4.195675e-05
0.372 4.195417e-05
0.465 4.195189e-05
0.558 4.194991e-05
0.651 4.194818e-05
0.744 4.194670e-05
0.837 4.194543e-05
0.93 4.194438e-05
1.023 4.194351e-05
1.116 4.194280e-05
1.209 4.194222e-05
1.302 4.194176e-05
1.395 4.194139e-05
1.488 4.194111e-05
1.581 4.194088e-05
1.674 4.194070e-05
1.767 4.194057e-05
1.86 4.194046e-05
1.953 4.194037e-05
2.046 4.194031e-05
2.139 4.194026e-05
2.232 4.194022e-05
2.325 4.194018e-05
2.418 4.194016e-05
2.511 4.194013e-05
2.604 4.194012e-05
2.697 4.194010e-05
2.79 4.194009e-05
2.883 4.165285e+00
2.976 3.575220e+00
3.069 3.063673e+00
3.162 2.647071e+00
3.255 2.287322e+00
3.348 1.982492e+00
3.441 1.732611e+00
3.534 1.511197e+00
3.627 1.315768e+00
3.72 1.160336e+00
3.813 1.021193e+00
3.906 9.138799e-01
3.999 8.196266e-01
4.092 7.443638e-01
4.185 6.769991e-01
4.278 6.323192e-01
4.371 5.896617e-01
4.464 5.683248e-01
4.557 5.488364e-01
4.65 5.475643e-01
4.743 5.439863e-01
4.836 5.586515e-01
4.929 5.753605e-01
5.022 6.026070e-01
5.115 6.246066e-01
5.208 6.743956e-01
5.301 7.179695e-01
5.394 7.864557e-01
5.487 8.407768e-01
5.58 9.430795e-01
5.673 1.063112e+00
5.766 1.134733e+00
5.859 1.180062e+00
5.952 1.203310e+00
6.045 1.209466e+00
6.138 1.206313e+00
6.231 1.194585e+00
6.324 1.180695e+00
6.417 1.161404e+00
6.51 1.150554e+00
6.603 1.133816e+00
6.696 1.132339e+00
6.789 1.132061e+00
6.882 1.149600e+00
6.975 1.153183e+00
7.068 1.136087e+00
7.161 1.113130e+00
7.254 1.081349e+00
7.347 1.050240e+00
7.44 1.016735e+00
7.533 9.873220e-01
7.626 9.587928e-01
7.719 9.359917e-01
7.812 9.157168e-01
7.905 9.016645e-01
7.998 8.905843e-01
8.091 8.855257e-01
8.184 8.834194e-01
8.277 8.867551e-01
8.37 8.923815e-01
8.463 9.026263e-01
8.556 9.136878e-01
8.649 9.269149e-01
8.742 9.392543e-01
8.835 9.525959e-01
8.928 9.644425e-01
9.021 9.769365e-01
9.114 9.879510e-01
9.207 9.995955e-01
9.3 1.009782e+00
9.393 1.020577e+00
9.486 1.029942e+00
9.579 1.039676e+00
9.672 1.047894e+00
9.765 1.055445e+00
9.858 1.059656e+00
9.951 1.061920e+00
10.044 1.060682e+00
10.137 1.057777e+00
10.23 1.052171e+00
10.323 1.045831e+00
10.416 1.037871e+00
10.509 1.030103e+00
10.602 1.021640e+00
10.695 1.014098e+00
10.788 1.006547e+00
10.881 1.000374e+00
10.974 9.943942e-01
11.067 9.895530e-01
11.16 9.847543e-01
11.253 9.810787e-01
11.346 9.775511e-01
11.439 9.752195e-01
11.532 9.731339e-01
11.625 9.722790e-01
11.718 9.717163e-01
11.811 9.723636e-01
11.904 9.732845e-01
11.997 9.753289e-01
12.09 9.775541e-01
12.183 9.807410e-01
12.276 9.839402e-01
12.369 9.878701e-01
12.462 9.915788e-01
12.555 9.957287e-01
12.648 9.993641e-01
12.741 1.003121e+00
12.834 1.006112e+00
12.927 1.009011e+00
13.02 1.011030e+00
13.113 1.012885e+00
13.206 1.013871e+00
13.299 1.014721e+00
13.392 1.014786e+00
13.485 1.014791e+00
13.578 1.014119e+00
13.671 1.013467e+00
13.764 1.012231e+00
13.857 1.011066e+00
13.95 1.009378e+00
14.043 1.007811e+00
14.136 1.005814e+00
14.229 1.004027e+00
14.322 1.001936e+00
14.415 1.000168e+00
14.508 9.982263e-01
14.601 9.967149e-01
14.694 9.951399e-01
14.787 9.940695e-01
14.88 9.930042e-01
14.973 9.924726e-01
15.066 9.919634e-01
15.159 9.919681e-01
15.252 9.919713e-01
15.345 9.924382e-01
15.438 9.928561e-01
15.531 9.936702e-01
15.624 9.943755e-01
15.717 9.954045e-01
15.81 9.962648e-01
15.903 9.973809e-01
15.996 9.982761e-01
16.089 9.993691e-01
16.182 1.000199e+00
16.275 1.001179e+00
16.368 1.001863e+00
16.461 1.002659e+00
16.554 1.003137e+00
16.647 1.003698e+00
16.74 1.003927e+00
16.833 1.004224e+00
16.926 1.004190e+00
17.019 1.004224e+00
17.112 1.003947e+00
17.205 1.003755e+00
17.298 1.003285e+00
17.391 1.002931e+00
17.484 1.002339e+00
17.577 1.001897e+00
17.67 1.001260e+00
17.763 1.000804e+00
17.856 1.000190e+00
17.949 9.997808e-01
18.042 9.992407e-01
18.135 9.989221e-01
18.228 9.984917e-01
18.321 9.982913e-01
18.414 9.979908e-01
18.507 9.979220e-01
18.6 9.977577e-01
18.693 9.978202e-01
18.786 9.977853e-01
18.879 9.979662e-01
18.972 9.980418e-01
19.065 9.983172e-01
19.158 9.984748e-01
19.251 9.988125e-01
19.344 9.990171e-01
19.437 9.993808e-01
19.53 9.995958e-01
19.623 9.999499e-01
19.716 1.000142e+00
19.809 1.000456e+00
19.902 1.000598e+00
19.995 1.000850e+00
20.088 1.000926e+00
20.181 1.001105e+00
20.274 1.001107e+00
20.367 1.001211e+00
20.46 1.001144e+00
20.553 1.001179e+00
20.646 1.001051e+00
20.739 1.001030e+00
20.832 1.000855e+00
20.925 1.000794e+00
21.018 1.000589e+00
21.111 1.000506e+00
21.204 1.000290e+00
21.297 1.000203e+00
21.39 9.999930e-01
21.483 9.999180e-01
21.576 9.997296e-01
21.669 9.996804e-01
21.762 9.995246e-01
21.855 9.995102e-01
21.948 9.993934e-01
22.041 9.994177e-01
22.134 9.993410e-01
22.227 9.994028e-01
22.32 9.993629e-01
22.413 9.994569e-01
22.506 9.994471e-01
22.599 9.995653e-01
22.692 9.995762e-01
22.785 9.997090e-01
22.878 9.997309e-01
22.971 9.998684e-01
23.064 9.998916e-01
23.157 1.000025e+00
23.25 1.000041e+00
23.343 1.000162e+00
23.436 1.000164e+00
23.529 1.000267e+00
23.622 1.000251e+00
23.715 1.000334e+00
23.808 1.000298e+00
23.901 1.000360e+00
23.994 1.000305e+00
24.087 1.000347e+00
24.18 1.000275e+00
24.273 1.000301e+00
24.366 1.000216e+00
24.459 1.000231e+00
24.552 1.000139e+00
24.645 1.000149e+00
24.738 1.000054e+00
24.831 1.000063e+00
24.924 9.999713e-01
25.017 9.999845e-01
25.11 9.998993e-01
25.203 9.999200e-01
25.296 9.998444e-01
25.389 9.998746e-01
25.482 9.998101e-01
25.575 9.998509e-01
25.668 9.997975e-01
25.761 9.998484e-01
25.854 9.998053e-01
25.947 9.998649e-01
26.04 9.998302e-01
26.133 9.998962e-01
26.226 9.998673e-01
26.319 9.999372e-01
26.412 9.999113e-01
26.505 9.999822e-01
26.598 9.999566e-01
26.691 1.000026e+00
26.784 9.999982e-01
26.877 1.000064e+00
26.97 1.000032e+00
27.063 1.000093e+00
27.156 1.000056e+00
27.249 1.000110e+00
27.342 1.000068e+00
27.435 1.000117e+00
27.528 1.000069e+00
27.621 1.000112e+00
27.714 1.000060e+00
27.807 1.000099e+00
27.9 1.000043e+00
27.993 1.000079e+00
28.086 1.000022e+00
28.179 1.000056e+00
28.272 9.999979e-01
28.365 1.000032e+00
28.458 9.999749e-01
28.551 1.000010e+00
28.644 9.999550e-01
28.737 9.999920e-01
28.83 9.999399e-01
28.923 9.999796e-01
29.016 9.999306e-01
29.109 9.999732e-01
29.202 9.999274e-01
29.295 9.999729e-01
29.388 9.999299e-01
29.481 9.999777e-01
29.574 9.999371e-01
29.667 9.999866e-01
29.76 9.999476e-01
29.853 9.999981e-01
29.946 9.999599e-01
30.039 1.000011e+00
30.132 9.999725e-01
30.225 1.000023e+00
30.318 9.999839e-01
30.411 1.000033e+00
30.504 9.999932e-01
30.597 1.000041e+00
30.69 9.999996e-01
30.783 1.000046e+00
30.876 1.000003e+00
30.969 1.000047e+00
31.062 1.000003e+00
31.155 1.000046e+00
31.248 1.000000e+00
31.341 1.000042e+00
31.434 9.999954e-01
31.527 1.000036e+00
31.62 9.999894e-01
31.713 1.000030e+00
31.806 9.999828e-01
31.899 1.000023e+00
31.992 9.999766e-01
32.085 1.000018e+00
32.178 9.999713e-01
32.271 1.000013e+00
32.364 9.999674e-01
32.457 1.000010e+00
32.55 9.999652e-01
32.643 1.000009e+00
32.736 9.999647e-01
32.829 1.000009e+00
32.922 9.999657e-01
33.015 1.000011e+00
33.108 9.999679e-01
33.201 1.000013e+00
33.294 9.999708e-01
33.387 1.000017e+00
33.48 9.999741e-01
33.573 1.000020e+00
33.666 9.999773e-01
33.759 1.000023e+00
33.852 9.999800e-01
33.945 1.000025e+00
34.038 9.999819e-01
34.131 1.000027e+00
34.224 9.999828e-01
34.317 1.000027e+00
34.41 9.999828e-01
34.503 1.000027e+00
34.596 9.999820e-01
34.689 1.000026e+00
34.782 9.999806e-01
34.875 1.000024e+00
34.968 9.999788e-01
35.061 1.000023e+00
35.154 9.999770e-01
35.247 1.000021e+00
35.34 9.999754e-01
35.433 1.000020e+00
35.526 9.999743e-01
35.619 1.000019e+00
