0 1.461537e-06
0.093 1.438064e-06
0.186 1.413458e-06
0.279 1.394989e-06
0.372 1.379404e-06
0.465 1.366110e-06
0.558 1.355073e-06
0.651 1.345767e-06
0.744 1.338246e-06
0.837 1.332127e-06
0.93 1.327384e-06
1.023 1.323651e-06
1.116 1.320853e-06
1.209 1.318710e-06
1.302 1.317156e-06
1.395 1.316008e-06
1.488 1.315195e-06
1.581 1.314593e-06
1.674 1.314169e-06
1.767 1.313853e-06
1.86 1.313626e-06
1.953 1.313456e-06
2.046 1.313334e-06
2.139 1.313243e-06
2.232 1.313175e-06
2.325 1.313120e-06
2.418 1.313076e-06
2.511 1.313042e-06
2.604 1.313015e-06
2.697 1.312993e-06
2.79 1.312976e-06
2.883 4.580834e+00
2.976 3.799107e+00
3.069 3.134914e+00
3.162 2.624732e+00
3.255 2.201043e+00
3.348 1.846421e+00
3.441 1.570574e+00
3.534 1.332094e+00
3.627 1.126650e+00
3.72 9.709637e-01
3.813 8.346582e-01
3.906 7.367304e-01
3.999 6.498637e-01
4.092 5.882433e-01
4.185 5.327439e-01
4.278 5.023569e-01
4.371 4.721472e-01
4.464 4.666038e-01
4.557 4.612458e-01
4.65 4.782009e-01
4.743 4.897688e-01
4.836 5.252573e-01
4.929 5.627366e-01
5.022 6.120681e-01
5.115 6.517292e-01
5.208 7.342025e-01
5.301 8.036599e-01
5.394 9.111652e-01
5.487 9.914546e-01
5.58 1.147152e+00
5.673 1.328192e+00
5.766 1.407499e+00
5.859 1.441526e+00
5.952 1.428851e+00
6.045 1.395432e+00
6.138 1.344778e+00
6.231 1.289052e+00
6.324 1.230309e+00
6.417 1.172832e+00
6.51 1.124868e+00
6.603 1.078394e+00
6.696 1.047904e+00
6.789 1.024240e+00
6.882 1.016805e+00
6.975 1.001518e+00
7.068 9.723326e-01
7.161 9.442721e-01
7.254 9.130761e-01
7.347 8.882538e-01
7.44 8.651748e-01
7.533 8.504453e-01
7.626 8.393806e-01
7.719 8.371544e-01
7.812 8.390775e-01
7.905 8.493908e-01
7.998 8.631925e-01
8.091 8.840045e-01
8.184 9.072381e-01
8.277 9.356329e-01
8.37 9.641191e-01
8.463 9.955746e-01
8.556 1.022934e+00
8.649 1.047163e+00
8.742 1.063894e+00
8.835 1.076332e+00
8.928 1.081890e+00
9.021 1.084565e+00
9.114 1.082473e+00
9.207 1.079377e+00
9.3 1.073333e+00
9.393 1.067755e+00
9.486 1.060569e+00
9.579 1.054532e+00
9.672 1.047582e+00
9.765 1.040955e+00
9.858 1.031672e+00
9.951 1.021850e+00
10.044 1.009947e+00
10.137 9.985081e-01
10.23 9.864158e-01
10.323 9.760988e-01
10.416 9.664011e-01
10.509 9.593861e-01
10.602 9.537370e-01
10.695 9.511631e-01
10.788 9.501707e-01
10.881 9.521293e-01
10.974 9.552677e-01
11.067 9.605807e-01
11.16 9.663139e-01
11.253 9.734733e-01
11.346 9.803525e-01
11.439 9.878851e-01
11.532 9.944543e-01
11.625 1.001077e+00
11.718 1.006354e+00
11.811 1.011419e+00
11.904 1.015065e+00
11.997 1.018478e+00
12.09 1.020563e+00
12.183 1.022478e+00
12.276 1.023180e+00
12.369 1.023760e+00
12.462 1.023191e+00
12.555 1.022479e+00
12.648 1.020598e+00
12.741 1.018521e+00
12.834 1.015363e+00
12.927 1.012167e+00
13.02 1.008189e+00
13.113 1.004502e+00
13.206 1.000432e+00
13.299 9.970069e-01
13.392 9.935540e-01
13.485 9.910082e-01
13.578 9.886561e-01
13.671 9.873225e-01
13.764 9.862378e-01
13.857 9.861154e-01
13.95 9.861514e-01
14.043 9.870041e-01
14.136 9.878806e-01
14.229 9.894109e-01
14.322 9.908252e-01
14.415 9.927370e-01
14.508 9.944075e-01
14.601 9.964409e-01
14.694 9.981319e-01
14.787 1.000076e+00
14.88 1.001598e+00
14.973 1.003282e+00
15.066 1.004478e+00
15.159 1.005756e+00
15.252 1.006496e+00
15.345 1.007260e+00
15.438 1.007458e+00
15.531 1.007651e+00
15.624 1.007289e+00
15.717 1.006938e+00
15.81 1.006091e+00
15.903 1.005321e+00
15.996 1.004155e+00
16.089 1.003159e+00
16.182 1.001882e+00
16.275 1.000870e+00
16.368 9.996774e-01
16.461 9.988222e-01
16.554 9.978557e-01
16.647 9.972646e-01
16.74 9.965958e-01
16.833 9.963085e-01
16.926 9.959507e-01
17.019 9.959604e-01
17.112 9.958910e-01
17.205 9.961634e-01
17.298 9.963380e-01
17.391 9.968206e-01
17.484 9.971788e-01
17.577 9.978048e-01
17.67 9.982736e-01
17.763 9.989651e-01
17.856 9.994631e-01
17.949 1.000137e+00
18.042 1.000583e+00
18.135 1.001163e+00
18.228 1.001487e+00
18.321 1.001914e+00
18.414 1.002070e+00
18.507 1.002314e+00
18.6 1.002287e+00
18.693 1.002348e+00
18.786 1.002155e+00
18.879 1.002062e+00
18.972 1.001743e+00
19.065 1.001545e+00
19.158 1.001152e+00
19.251 1.000904e+00
19.344 1.000490e+00
19.437 1.000243e+00
19.53 9.998540e-01
19.623 9.996471e-01
19.716 9.993180e-01
19.809 9.991799e-01
19.902 9.989329e-01
19.995 9.988806e-01
20.088 9.987266e-01
20.181 9.987656e-01
20.274 9.987044e-01
20.367 9.988291e-01
20.46 9.988495e-01
20.553 9.990437e-01
20.646 9.991250e-01
20.739 9.993642e-01
20.832 9.994792e-01
20.925 9.997347e-01
21.018 9.998540e-01
21.111 1.000098e+00
21.204 1.000195e+00
21.297 1.000404e+00
21.39 1.000460e+00
21.483 1.000619e+00
21.576 1.000624e+00
21.669 1.000727e+00
21.762 1.000678e+00
21.855 1.000728e+00
21.948 1.000633e+00
22.041 1.000639e+00
22.134 1.000508e+00
22.227 1.000483e+00
22.32 1.000330e+00
22.413 1.000289e+00
22.506 1.000129e+00
22.599 1.000086e+00
22.692 9.999329e-01
22.785 9.999005e-01
22.878 9.997659e-01
22.971 9.997546e-01
23.064 9.996464e-01
23.157 9.996624e-01
23.25 9.995846e-01
23.343 9.996297e-01
23.436 9.995819e-01
23.529 9.996537e-01
23.622 9.996315e-01
23.715 9.997239e-01
23.808 9.997199e-01
23.901 9.998247e-01
23.994 9.998302e-01
24.087 9.999385e-01
24.18 9.999447e-01
24.273 1.000048e+00
24.366 1.000048e+00
24.459 1.000140e+00
24.552 1.000128e+00
24.645 1.000205e+00
24.738 1.000177e+00
24.831 1.000238e+00
24.924 1.000194e+00
25.017 1.000239e+00
25.11 1.000181e+00
25.203 1.000211e+00
25.296 1.000142e+00
25.389 1.000163e+00
25.482 1.000087e+00
25.575 1.000102e+00
25.668 1.000024e+00
25.761 1.000039e+00
25.854 9.999634e-01
25.947 9.999808e-01
26.04 9.999118e-01
26.133 9.999358e-01
26.226 9.998754e-01
26.319 9.999078e-01
26.412 9.998570e-01
26.505 9.998983e-01
26.598 9.998568e-01
26.691 9.999060e-01
26.784 9.998724e-01
26.877 9.999277e-01
26.97 9.998997e-01
27.063 9.999585e-01
27.156 9.999335e-01
27.249 9.999933e-01
27.342 9.999687e-01
27.435 1.000027e+00
27.528 1.000001e+00
27.621 1.000056e+00
27.714 1.000026e+00
27.807 1.000076e+00
27.9 1.000041e+00
27.993 1.000086e+00
28.086 1.000047e+00
28.179 1.000086e+00
28.272 1.000043e+00
28.365 1.000078e+00
28.458 1.000031e+00
28.551 1.000063e+00
28.644 1.000014e+00
28.737 1.000044e+00
28.83 9.999942e-01
28.923 1.000024e+00
29.016 9.999753e-01
29.109 1.000006e+00
29.202 9.999594e-01
29.295 9.999924e-01
29.388 9.999482e-01
29.481 9.999837e-01
29.574 9.999425e-01
29.667 9.999807e-01
29.76 9.999423e-01
29.853 9.999829e-01
29.946 9.999471e-01
30.039 9.999895e-01
30.132 9.999554e-01
30.225 9.999990e-01
30.318 9.999659e-01
30.411 1.000010e+00
30.504 9.999769e-01
30.597 1.000020e+00
30.69 9.999868e-01
30.783 1.000029e+00
30.876 9.999946e-01
30.969 1.000036e+00
31.062 9.999994e-01
31.155 1.000039e+00
31.248 1.000001e+00
31.341 1.000039e+00
31.434 9.999997e-01
31.527 1.000036e+00
31.62 9.999958e-01
31.713 1.000031e+00
31.806 9.999904e-01
31.899 1.000025e+00
31.992 9.999842e-01
32.085 1.000019e+00
32.178 9.999783e-01
32.271 1.000014e+00
32.364 9.999733e-01
32.457 1.000009e+00
32.55 9.999699e-01
32.643 1.000007e+00
32.736 9.999683e-01
32.829 1.000006e+00
32.922 9.999685e-01
33.015 1.000007e+00
33.108 9.999703e-01
33.201 1.000010e+00
33.294 9.999732e-01
33.387 1.000013e+00
33.48 9.999767e-01
33.573 1.000017e+00
33.666 9.999803e-01
33.759 1.000020e+00
33.852 9.999834e-01
33.945 1.000023e+00
34.038 9.999855e-01
34.131 1.000025e+00
34.224 9.999866e-01
34.317 1.000025e+00
34.41 9.999864e-01
34.503 1.000025e+00
34.596 9.999852e-01
34.689 1.000023e+00
34.782 9.999831e-01
34.875 1.000021e+00
34.968 9.999805e-01
35.061 1.000019e+00
35.154 9.999779e-01
35.247 1.000016e+00
35.34 9.999757e-01
35.433 1.000015e+00
35.526 9.999742e-01
35.619 1.000014e+00
