0 9.196139e-05
0.093 9.196136e-05
0.186 9.196132e-05
0.279 9.196128e-05
0.372 9.196125e-05
0.465 9.196122e-05
0.558 9.196119e-05
0.651 9.196116e-05
0.744 9.196113e-05
0.837 9.196111e-05
0.93 9.196108e-05
1.023 9.196106e-05
1.116 9.196104e-05
1.209 9.196102e-05
1.302 9.196101e-05
1.395 9.196099e-05
1.488 9.196098e-05
1.581 9.196096e-05
1.674 9.196095e-05
1.767 9.196094e-05
1.86 9.196093e-05
1.953 9.196092e-05
2.046 9.196092e-05
2.139 9.196091e-05
2.232 9.196090e-05
2.325 9.196090e-05
2.418 9.196089e-05
2.511 9.196089e-05
2.604 9.196088e-05
2.697 9.196088e-05
2.79 9.196088e-05
2.883 2.630830e+00
2.976 2.435871e+00
3.069 2.254391e+00
3.162 2.093802e+00
3.255 1.945564e+00
3.348 1.810933e+00
3.441 1.689816e+00
3.534 1.578458e+00
3.627 1.473925e+00
3.72 1.382632e+00
3.813 1.296590e+00
3.906 1.222430e+00
3.999 1.153117e+00
4.092 1.092584e+00
4.185 1.035221e+00
4.278 9.881394e-01
4.371 9.426500e-01
4.464 9.074514e-01
4.557 8.742106e-01
4.65 8.503594e-01
4.743 8.269916e-01
4.836 8.126040e-01
4.929 8.008252e-01
5.022 7.949958e-01
5.115 7.884874e-01
5.208 7.935022e-01
5.301 7.981569e-01
5.394 8.126809e-01
5.487 8.246249e-01
5.58 8.527257e-01
5.673 8.915407e-01
5.766 9.212415e-01
5.859 9.468632e-01
5.952 9.674610e-01
6.045 9.842693e-01
6.138 9.977625e-01
6.231 1.008531e+00
6.324 1.017249e+00
6.417 1.023489e+00
6.51 1.030252e+00
6.603 1.034430e+00
6.696 1.041084e+00
6.789 1.047514e+00
6.882 1.058683e+00
6.975 1.067438e+00
7.068 1.070340e+00
7.161 1.071139e+00
7.254 1.068067e+00
7.347 1.063895e+00
7.44 1.057249e+00
7.533 1.050338e+00
7.626 1.041974e+00
7.719 1.033993e+00
7.812 1.025336e+00
7.905 1.017531e+00
7.998 1.009573e+00
8.091 1.002759e+00
8.184 9.961669e-01
8.277 9.908943e-01
8.37 9.860439e-01
8.463 9.826133e-01
8.556 9.796531e-01
8.649 9.778734e-01
8.742 9.763966e-01
8.835 9.759079e-01
8.928 9.756099e-01
9.021 9.761582e-01
9.114 9.768289e-01
9.207 9.782424e-01
9.3 9.797090e-01
9.393 9.818234e-01
9.486 9.839412e-01
9.579 9.866085e-01
9.672 9.892509e-01
9.765 9.922934e-01
9.858 9.950305e-01
9.951 9.978667e-01
10.044 1.000213e+00
10.137 1.002501e+00
10.23 1.004227e+00
10.323 1.005844e+00
10.416 1.006908e+00
10.509 1.007873e+00
10.602 1.008336e+00
10.695 1.008746e+00
10.788 1.008735e+00
10.881 1.008740e+00
10.974 1.008397e+00
11.067 1.008080e+00
11.16 1.007438e+00
11.253 1.006843e+00
11.346 1.005975e+00
11.439 1.005195e+00
11.532 1.004200e+00
11.625 1.003337e+00
11.718 1.002317e+00
11.811 1.001471e+00
11.904 1.000520e+00
11.997 9.997764e-01
12.09 9.989689e-01
12.183 9.983913e-01
12.276 9.977785e-01
12.369 9.974056e-01
12.462 9.970119e-01
12.555 9.968546e-01
12.648 9.966753e-01
12.741 9.967138e-01
12.834 9.967161e-01
12.927 9.969099e-01
13.02 9.970490e-01
13.113 9.973521e-01
13.206 9.975822e-01
13.299 9.979509e-01
13.392 9.982307e-01
13.485 9.986269e-01
13.578 9.989212e-01
13.671 9.993131e-01
13.764 9.995929e-01
13.857 9.999534e-01
13.95 1.000192e+00
14.043 1.000496e+00
14.136 1.000672e+00
14.229 1.000903e+00
14.322 1.001004e+00
14.415 1.001155e+00
14.508 1.001180e+00
14.601 1.001255e+00
14.694 1.001210e+00
14.787 1.001219e+00
14.88 1.001120e+00
14.973 1.001079e+00
15.066 1.000940e+00
15.159 1.000866e+00
15.252 1.000705e+00
15.345 1.000614e+00
15.438 1.000446e+00
15.531 1.000353e+00
15.624 1.000190e+00
15.717 1.000106e+00
15.81 9.999601e-01
15.903 9.998943e-01
15.996 9.997714e-01
16.089 9.997294e-01
16.182 9.996340e-01
16.275 9.996186e-01
16.368 9.995519e-01
16.461 9.995631e-01
16.554 9.995236e-01
16.647 9.995588e-01
16.74 9.995429e-01
16.833 9.995976e-01
16.926 9.995999e-01
17.019 9.996683e-01
17.112 9.996827e-01
17.205 9.997586e-01
17.298 9.997789e-01
17.391 9.998564e-01
17.484 9.998772e-01
17.577 9.999515e-01
17.67 9.999683e-01
17.763 1.000036e+00
17.856 1.000045e+00
17.949 1.000103e+00
18.042 1.000104e+00
18.135 1.000151e+00
18.228 1.000142e+00
18.321 1.000178e+00
18.414 1.000159e+00
18.507 1.000185e+00
18.6 1.000158e+00
18.693 1.000175e+00
18.786 1.000142e+00
18.879 1.000152e+00
18.972 1.000114e+00
19.065 1.000120e+00
19.158 1.000079e+00
19.251 1.000083e+00
19.344 1.000043e+00
19.437 1.000046e+00
19.53 1.000007e+00
19.623 1.000013e+00
19.716 9.999763e-01
19.809 9.999843e-01
19.902 9.999519e-01
19.995 9.999632e-01
20.088 9.999351e-01
20.181 9.999500e-01
20.274 9.999261e-01
20.367 9.999444e-01
20.46 9.999244e-01
20.553 9.999457e-01
20.646 9.999290e-01
20.739 9.999525e-01
20.832 9.999384e-01
20.925 9.999633e-01
21.018 9.999509e-01
21.111 9.999764e-01
21.204 9.999648e-01
21.297 9.999902e-01
21.39 9.999788e-01
21.483 1.000003e+00
21.576 9.999915e-01
21.669 1.000015e+00
21.762 1.000002e+00
21.855 1.000024e+00
21.948 1.000010e+00
22.041 1.000030e+00
22.134 1.000014e+00
22.227 1.000033e+00
22.32 1.000016e+00
22.413 1.000033e+00
22.506 1.000016e+00
22.599 1.000031e+00
22.692 1.000013e+00
22.785 1.000027e+00
22.878 1.000009e+00
22.971 1.000022e+00
23.064 1.000004e+00
23.157 1.000017e+00
23.25 9.999986e-01
23.343 1.000012e+00
23.436 9.999937e-01
23.529 1.000007e+00
23.622 9.999895e-01
23.715 1.000003e+00
23.808 9.999863e-01
23.901 1.000000e+00
23.994 9.999841e-01
24.087 9.999983e-01
24.18 9.999831e-01
24.273 9.999977e-01
24.366 9.999831e-01
24.459 9.999979e-01
24.552 9.999839e-01
24.645 9.999990e-01
24.738 9.999854e-01
24.831 1.000001e+00
24.924 9.999873e-01
25.017 1.000002e+00
25.11 9.999893e-01
25.203 1.000004e+00
25.296 9.999914e-01
25.389 1.000006e+00
25.482 9.999932e-01
25.575 1.000008e+00
25.668 9.999947e-01
25.761 1.000009e+00
25.854 9.999958e-01
25.947 1.000010e+00
26.04 9.999965e-01
26.133 1.000010e+00
26.226 9.999968e-01
26.319 1.000010e+00
26.412 9.999967e-01
26.505 1.000010e+00
26.598 9.999963e-01
26.691 1.000009e+00
26.784 9.999957e-01
26.877 1.000008e+00
26.97 9.999950e-01
27.063 1.000008e+00
27.156 9.999943e-01
27.249 1.000007e+00
27.342 9.999936e-01
27.435 1.000006e+00
27.528 9.999931e-01
27.621 1.000005e+00
27.714 9.999926e-01
27.807 1.000005e+00
27.9 9.999923e-01
27.993 1.000005e+00
28.086 9.999922e-01
28.179 1.000005e+00
28.272 9.999922e-01
28.365 1.000005e+00
28.458 9.999924e-01
28.551 1.000005e+00
28.644 9.999926e-01
28.737 1.000005e+00
28.83 9.999929e-01
28.923 1.000005e+00
29.016 9.999932e-01
29.109 1.000006e+00
29.202 9.999935e-01
29.295 1.000006e+00
29.388 9.999938e-01
29.481 1.000006e+00
29.574 9.999940e-01
29.667 1.000006e+00
29.76 9.999942e-01
29.853 1.000006e+00
29.946 9.999943e-01
30.039 1.000006e+00
30.132 9.999943e-01
30.225 1.000006e+00
30.318 9.999943e-01
30.411 1.000006e+00
30.504 9.999943e-01
30.597 1.000006e+00
30.69 9.999942e-01
30.783 1.000006e+00
30.876 9.999941e-01
30.969 1.000006e+00
31.062 9.999940e-01
31.155 1.000006e+00
31.248 9.999939e-01
31.341 1.000006e+00
31.434 9.999938e-01
31.527 1.000006e+00
31.62 9.999937e-01
31.713 1.000006e+00
31.806 9.999937e-01
31.899 1.000006e+00
31.992 9.999937e-01
32.085 1.000006e+00
32.178 9.999937e-01
32.271 1.000006e+00
32.364 9.999937e-01
32.457 1.000006e+00
32.55 9.999937e-01
32.643 1.000006e+00
32.736 9.999937e-01
32.829 1.000006e+00
32.922 9.999938e-01
33.015 1.000006e+00
33.108 9.999938e-01
33.201 1.000006e+00
33.294 9.999938e-01
33.387 1.000006e+00
33.48 9.999938e-01
33.573 1.000006e+00
33.666 9.999938e-01
33.759 1.000006e+00
33.852 9.999938e-01
33.945 1.000006e+00
34.038 9.999938e-01
34.131 1.000006e+00
34.224 9.999938e-01
34.317 1.000006e+00
34.41 9.999938e-01
34.503 1.000006e+00
34.596 9.999937e-01
34.689 1.000006e+00
34.782 9.999937e-01
34.875 1.000006e+00
34.968 9.999937e-01
35.061 1.000006e+00
35.154 9.999936e-01
35.247 1.000006e+00
35.34 9.999936e-01
35.433 1.000006e+00
35.526 9.999935e-01
35.619 1.000006e+00
