0 1.234669e-03
0.093 1.234662e-03
0.186 1.234656e-03
0.279 1.234651e-03
0.372 1.234646e-03
0.465 1.234643e-03
0.558 1.234640e-03
0.651 1.234637e-03
0.744 1.234634e-03
0.837 1.234632e-03
0.93 1.234631e-03
1.023 1.234629e-03
1.116 1.234628e-03
1.209 1.234627e-03
1.302 1.234627e-03
1.395 1.234626e-03
1.488 1.234626e-03
1.581 1.234625e-03
1.674 1.234625e-03
1.767 1.234625e-03
1.86 1.234625e-03
1.953 1.234625e-03
2.046 1.234625e-03
2.139 1.234624e-03
2.232 1.234624e-03
2.325 1.234624e-03
2.418 1.234624e-03
2.511 1.234624e-03
2.604 1.234624e-03
2.697 1.234624e-03
2.79 1.234624e-03
2.883 4.569343e+00
2.976 3.899933e+00
3.069 3.335600e+00
3.162 2.863972e+00
3.255 2.455371e+00
3.348 2.117370e+00
3.441 1.840891e+00
3.534 1.590034e+00
3.627 1.371679e+00
3.72 1.197453e+00
3.813 1.042760e+00
3.906 9.216402e-01
3.999 8.210184e-01
4.092 7.337427e-01
4.185 6.593186e-01
4.278 6.089557e-01
4.371 5.625790e-01
4.464 5.371989e-01
4.557 5.150316e-01
4.65 5.094129e-01
4.743 5.029955e-01
4.836 5.130935e-01
4.929 5.238545e-01
5.022 5.459476e-01
5.115 5.636199e-01
5.208 6.034902e-01
5.301 6.381924e-01
5.394 6.935611e-01
5.487 7.362579e-01
5.58 8.210122e-01
5.673 9.135140e-01
5.766 9.769382e-01
5.859 1.016991e+00
5.952 1.053511e+00
6.045 1.072282e+00
6.138 1.094353e+00
6.231 1.105626e+00
6.324 1.123351e+00
6.417 1.130619e+00
6.51 1.158108e+00
6.603 1.170786e+00
6.696 1.213749e+00
6.789 1.252615e+00
6.882 1.324543e+00
6.975 1.360115e+00
7.068 1.352246e+00
7.161 1.325409e+00
7.254 1.279472e+00
7.347 1.228622e+00
7.44 1.171480e+00
7.533 1.116715e+00
7.626 1.062056e+00
7.719 1.013299e+00
7.812 9.677901e-01
7.905 9.294206e-01
7.998 8.953404e-01
8.091 8.686837e-01
8.184 8.465796e-01
8.277 8.315743e-01
8.37 8.208016e-01
8.463 8.164903e-01
8.556 8.155645e-01
8.649 8.197581e-01
8.742 8.263346e-01
8.835 8.372193e-01
8.928 8.497924e-01
9.021 8.660024e-01
9.114 8.833816e-01
9.207 9.038332e-01
9.3 9.247562e-01
9.393 9.480237e-01
9.486 9.709729e-01
9.579 9.952439e-01
9.672 1.018251e+00
9.765 1.040630e+00
9.858 1.058943e+00
9.951 1.074616e+00
10.044 1.085618e+00
10.137 1.093865e+00
10.23 1.098014e+00
10.323 1.100261e+00
10.416 1.099429e+00
10.509 1.097517e+00
10.602 1.093373e+00
10.695 1.088817e+00
10.788 1.082712e+00
10.881 1.076618e+00
10.974 1.068791e+00
11.067 1.059830e+00
11.16 1.048557e+00
11.253 1.036434e+00
11.346 1.022826e+00
11.439 1.009369e+00
11.532 9.955296e-01
11.625 9.828330e-01
11.718 9.706705e-01
11.811 9.603683e-01
11.904 9.511961e-01
11.997 9.442860e-01
12.09 9.387882e-01
12.183 9.356698e-01
12.276 9.339792e-01
12.369 9.345530e-01
12.462 9.363572e-01
12.555 9.401247e-01
12.648 9.447550e-01
12.741 9.509171e-01
12.834 9.575056e-01
12.927 9.651836e-01
13.02 9.728736e-01
13.113 9.812452e-01
13.206 9.892543e-01
13.299 9.975721e-01
13.392 1.005185e+00
13.485 1.012762e+00
13.578 1.019322e+00
13.671 1.025532e+00
13.764 1.030448e+00
13.857 1.034725e+00
13.95 1.037489e+00
14.043 1.039456e+00
14.136 1.039885e+00
14.229 1.039569e+00
14.322 1.037880e+00
14.415 1.035655e+00
14.508 1.032336e+00
14.601 1.028759e+00
14.694 1.024396e+00
14.787 1.020052e+00
14.88 1.015202e+00
14.973 1.010601e+00
15.066 1.005706e+00
15.159 1.001225e+00
15.252 9.966243e-01
15.345 9.925948e-01
15.438 9.886162e-01
15.531 9.853570e-01
15.624 9.822954e-01
15.717 9.800668e-01
15.81 9.781345e-01
15.903 9.770934e-01
15.996 9.763845e-01
16.089 9.765611e-01
16.182 9.770402e-01
16.275 9.783373e-01
16.368 9.798485e-01
16.461 9.820585e-01
16.554 9.843495e-01
16.647 9.871844e-01
16.74 9.899414e-01
16.833 9.930727e-01
16.926 9.959644e-01
17.019 9.990687e-01
17.112 1.001789e+00
17.205 1.004585e+00
17.298 1.006882e+00
17.391 1.009149e+00
17.484 1.010839e+00
17.577 1.012429e+00
17.67 1.013398e+00
17.763 1.014233e+00
17.856 1.014441e+00
17.949 1.014516e+00
18.042 1.013993e+00
18.135 1.013375e+00
18.228 1.012222e+00
18.321 1.011046e+00
18.414 1.009427e+00
18.507 1.007877e+00
18.6 1.005990e+00
18.693 1.004271e+00
18.786 1.002320e+00
18.879 1.000631e+00
18.972 9.988034e-01
19.065 9.973133e-01
19.158 9.957558e-01
19.251 9.945909e-01
19.344 9.934075e-01
19.437 9.926490e-01
19.53 9.918986e-01
19.623 9.915838e-01
19.716 9.912820e-01
19.809 9.914063e-01
19.902 9.915288e-01
19.995 9.920498e-01
20.088 9.925373e-01
20.181 9.933807e-01
20.274 9.941457e-01
20.367 9.952138e-01
20.46 9.961507e-01
20.553 9.973324e-01
20.646 9.983278e-01
20.739 9.995104e-01
20.832 1.000455e+00
20.925 1.001535e+00
21.018 1.002334e+00
21.111 1.003227e+00
21.204 1.003809e+00
21.297 1.004458e+00
21.39 1.004779e+00
21.483 1.005155e+00
21.576 1.005201e+00
21.669 1.005304e+00
21.762 1.005089e+00
21.855 1.004944e+00
21.948 1.004504e+00
22.041 1.004157e+00
22.134 1.003546e+00
22.227 1.003058e+00
22.32 1.002341e+00
22.413 1.001780e+00
22.506 1.001025e+00
22.599 1.000460e+00
22.692 9.997353e-01
22.785 9.992282e-01
22.878 9.985911e-01
22.971 9.981935e-01
23.064 9.976870e-01
23.157 9.974342e-01
23.25 9.970849e-01
23.343 9.969945e-01
23.436 9.968111e-01
23.529 9.968836e-01
23.622 9.968584e-01
23.715 9.970790e-01
23.808 9.971905e-01
23.901 9.975319e-01
23.994 9.977482e-01
24.087 9.981750e-01
24.18 9.984577e-01
24.273 9.989297e-01
24.366 9.992383e-01
24.459 9.997152e-01
24.552 1.000010e+00
24.645 1.000455e+00
24.738 1.000703e+00
24.831 1.001085e+00
24.924 1.001259e+00
25.017 1.001557e+00
25.11 1.001640e+00
25.203 1.001841e+00
25.296 1.001827e+00
25.389 1.001930e+00
25.482 1.001821e+00
25.575 1.001834e+00
25.668 1.001642e+00
25.761 1.001580e+00
25.854 1.001324e+00
25.947 1.001208e+00
26.04 1.000910e+00
26.133 1.000763e+00
26.226 1.000448e+00
26.319 1.000295e+00
26.412 9.999859e-01
26.505 9.998491e-01
26.598 9.995668e-01
26.691 9.994647e-01
26.784 9.992254e-01
26.877 9.991717e-01
26.97 9.989858e-01
27.063 9.989881e-01
27.156 9.988604e-01
27.249 9.989204e-01
27.342 9.988495e-01
27.435 9.989631e-01
27.528 9.989426e-01
27.621 9.991014e-01
27.714 9.991208e-01
27.807 9.993126e-01
27.9 9.993588e-01
27.993 9.995699e-01
28.086 9.996285e-01
28.179 9.998446e-01
28.272 9.999018e-01
28.365 1.000110e+00
28.458 1.000153e+00
28.551 1.000341e+00
28.644 1.000361e+00
28.737 1.000522e+00
28.83 1.000511e+00
28.923 1.000639e+00
29.016 1.000595e+00
29.109 1.000689e+00
29.202 1.000613e+00
29.295 1.000675e+00
29.388 1.000568e+00
29.481 1.000603e+00
29.574 1.000473e+00
29.667 1.000487e+00
29.76 1.000341e+00
29.853 1.000342e+00
29.946 1.000188e+00
30.039 1.000185e+00
30.132 1.000030e+00
30.225 1.000031e+00
30.318 9.998829e-01
30.411 9.998936e-01
30.504 9.997588e-01
30.597 9.997844e-01
30.69 9.996664e-01
30.783 9.997101e-01
30.876 9.996109e-01
30.969 9.996735e-01
31.062 9.995932e-01
31.155 9.996739e-01
31.248 9.996107e-01
31.341 9.997069e-01
31.434 9.996577e-01
31.527 9.997658e-01
31.62 9.997265e-01
31.713 9.998422e-01
31.806 9.998082e-01
31.899 9.999268e-01
31.992 9.998937e-01
32.085 1.000011e+00
32.178 9.999748e-01
32.271 1.000087e+00
32.364 1.000045e+00
32.457 1.000149e+00
32.55 1.000098e+00
32.643 1.000194e+00
32.736 1.000133e+00
32.829 1.000219e+00
32.922 1.000149e+00
33.015 1.000225e+00
33.108 1.000146e+00
33.201 1.000215e+00
33.294 1.000128e+00
33.387 1.000191e+00
33.48 1.000100e+00
33.573 1.000159e+00
33.666 1.000065e+00
33.759 1.000122e+00
33.852 1.000027e+00
33.945 1.000085e+00
34.038 9.999911e-01
34.131 1.000051e+00
34.224 9.999595e-01
34.317 1.000022e+00
34.41 9.999343e-01
34.503 1.000000e+00
34.596 9.999160e-01
34.689 9.999856e-01
34.782 9.999044e-01
34.875 9.999770e-01
34.968 9.998983e-01
35.061 9.999732e-01
35.154 9.998961e-01
35.247 9.999724e-01
35.34 9.998962e-01
35.433 9.999732e-01
35.526 9.998970e-01
35.619 9.999740e-01
