0 7.158647e-05
0.093 7.158626e-05
0.186 7.158603e-05
0.279 7.158585e-05
0.372 7.158568e-05
0.465 7.158552e-05
0.558 7.158538e-05
0.651 7.158525e-05
0.744 7.158512e-05
0.837 7.158501e-05
0.93 7.158491e-05
1.023 7.158482e-05
1.116 7.158474e-05
1.209 7.158467e-05
1.302 7.158461e-05
1.395 7.158455e-05
1.488 7.158451e-05
1.581 7.158446e-05
1.674 7.158443e-05
1.767 7.158440e-05
1.86 7.158437e-05
1.953 7.158435e-05
2.046 7.158433e-05
2.139 7.158431e-05
2.232 7.158430e-05
2.325 7.158428e-05
2.418 7.158427e-05
2.511 7.158426e-05
2.604 7.158425e-05
2.697 7.158425e-05
2.79 7.158424e-05
2.883 3.384850e+00
2.976 3.049125e+00
3.069 2.748793e+00
3.162 2.487110e+00
3.255 2.249700e+00
3.348 2.042243e+00
3.441 1.860510e+00
3.534 1.694009e+00
3.627 1.541434e+00
3.72 1.411555e+00
3.813 1.291343e+00
3.906 1.189963e+00
3.999 1.099458e+00
4.092 1.018962e+00
4.185 9.452933e-01
4.278 8.872686e-01
4.371 8.323303e-01
4.464 7.919499e-01
4.557 7.547623e-01
4.65 7.297472e-01
4.743 7.056752e-01
4.836 6.932394e-01
4.929 6.830468e-01
5.022 6.811274e-01
5.115 6.781395e-01
5.208 6.888895e-01
5.301 6.987462e-01
5.394 7.207886e-01
5.487 7.385118e-01
5.58 7.778251e-01
5.673 8.259976e-01
5.766 8.641147e-01
5.859 8.945496e-01
5.952 9.232919e-01
6.045 9.452308e-01
6.138 9.673084e-01
6.231 9.847861e-01
6.324 1.003644e+00
6.417 1.017618e+00
6.51 1.038619e+00
6.603 1.053235e+00
6.696 1.079238e+00
6.789 1.104384e+00
6.882 1.144995e+00
6.975 1.175020e+00
7.068 1.187562e+00
7.161 1.191768e+00
7.254 1.185223e+00
7.347 1.174170e+00
7.44 1.156833e+00
7.533 1.137798e+00
7.626 1.115485e+00
7.719 1.093445e+00
7.812 1.070227e+00
7.905 1.048541e+00
7.998 1.026948e+00
8.091 1.007677e+00
8.184 9.893280e-01
8.277 9.737159e-01
8.37 9.594777e-01
8.463 9.481537e-01
8.556 9.383389e-01
8.649 9.312131e-01
8.742 9.254683e-01
8.835 9.222241e-01
8.928 9.202327e-01
9.021 9.205273e-01
9.114 9.219384e-01
9.207 9.254348e-01
9.3 9.298374e-01
9.393 9.360654e-01
9.486 9.429620e-01
9.579 9.513474e-01
9.672 9.601396e-01
9.765 9.698621e-01
9.858 9.790935e-01
9.951 9.884102e-01
10.044 9.967064e-01
10.137 1.004661e+00
10.23 1.011371e+00
10.323 1.017623e+00
10.416 1.022627e+00
10.509 1.027176e+00
10.602 1.030555e+00
10.695 1.033552e+00
10.788 1.035520e+00
10.881 1.037233e+00
10.974 1.037943e+00
11.067 1.038114e+00
11.16 1.037063e+00
11.253 1.035420e+00
11.346 1.032662e+00
11.439 1.029485e+00
11.532 1.025455e+00
11.625 1.021277e+00
11.718 1.016557e+00
11.811 1.011973e+00
11.904 1.007144e+00
11.997 1.002701e+00
12.09 9.982574e-01
12.183 9.943920e-01
12.276 9.907033e-01
12.369 9.877166e-01
12.462 9.850124e-01
12.555 9.830651e-01
12.648 9.814348e-01
12.741 9.805496e-01
12.834 9.799589e-01
12.927 9.800592e-01
13.02 9.803975e-01
13.113 9.813474e-01
13.206 9.824579e-01
13.299 9.840838e-01
13.392 9.857784e-01
13.485 9.878809e-01
13.578 9.899505e-01
13.671 9.923137e-01
13.764 9.945364e-01
13.857 9.969302e-01
13.95 9.990693e-01
14.043 1.001263e+00
14.136 1.003108e+00
14.229 1.004922e+00
14.322 1.006330e+00
14.415 1.007657e+00
14.508 1.008556e+00
14.601 1.009359e+00
14.694 1.009742e+00
14.787 1.010041e+00
14.88 1.009949e+00
14.973 1.009799e+00
15.066 1.009298e+00
15.159 1.008771e+00
15.252 1.007938e+00
15.345 1.007120e+00
15.438 1.006049e+00
15.531 1.005045e+00
15.624 1.003846e+00
15.717 1.002766e+00
15.81 1.001551e+00
15.903 1.000507e+00
15.996 9.993806e-01
16.089 9.984671e-01
16.182 9.975150e-01
16.275 9.968060e-01
16.368 9.960878e-01
16.461 9.956292e-01
16.554 9.951758e-01
16.647 9.949843e-01
16.74 9.947982e-01
16.833 9.948632e-01
16.926 9.949217e-01
17.019 9.952104e-01
17.112 9.954723e-01
17.205 9.959368e-01
17.298 9.963490e-01
17.391 9.969328e-01
17.484 9.974367e-01
17.577 9.980804e-01
17.67 9.986168e-01
17.763 9.992629e-01
17.856 9.997767e-01
17.949 1.000373e+00
18.042 1.000817e+00
18.135 1.001322e+00
18.228 1.001659e+00
18.321 1.002043e+00
18.414 1.002252e+00
18.507 1.002499e+00
18.6 1.002571e+00
18.693 1.002682e+00
18.786 1.002624e+00
18.879 1.002610e+00
18.972 1.002438e+00
19.065 1.002322e+00
19.158 1.002061e+00
19.251 1.001869e+00
19.344 1.001549e+00
19.437 1.001311e+00
19.53 1.000962e+00
19.623 1.000708e+00
19.716 1.000359e+00
19.809 1.000117e+00
19.902 9.997939e-01
19.995 9.995876e-01
20.088 9.993114e-01
20.181 9.991587e-01
20.274 9.989435e-01
20.367 9.988555e-01
20.46 9.987091e-01
20.553 9.986898e-01
20.646 9.986128e-01
20.739 9.986599e-01
20.832 9.986469e-01
20.925 9.987524e-01
21.018 9.987930e-01
21.111 9.989445e-01
21.204 9.990249e-01
21.297 9.992076e-01
21.39 9.993122e-01
21.483 9.995102e-01
21.576 9.996233e-01
21.669 9.998214e-01
21.762 9.999284e-01
21.855 1.000113e+00
21.948 1.000202e+00
22.041 1.000362e+00
22.134 1.000424e+00
22.227 1.000553e+00
22.32 1.000581e+00
22.413 1.000674e+00
22.506 1.000666e+00
22.599 1.000724e+00
22.692 1.000682e+00
22.785 1.000707e+00
22.878 1.000635e+00
22.971 1.000632e+00
23.064 1.000537e+00
23.157 1.000513e+00
23.25 1.000402e+00
23.343 1.000365e+00
23.436 1.000246e+00
23.529 1.000205e+00
23.622 1.000086e+00
23.715 1.000048e+00
23.808 9.999360e-01
23.901 9.999072e-01
23.994 9.998074e-01
24.087 9.997926e-01
24.18 9.997090e-01
24.273 9.997112e-01
24.366 9.996458e-01
24.459 9.996659e-01
24.552 9.996190e-01
24.645 9.996566e-01
24.738 9.996266e-01
24.831 9.996796e-01
24.924 9.996640e-01
25.017 9.997292e-01
25.11 9.997244e-01
25.203 9.997979e-01
25.296 9.997998e-01
25.389 9.998776e-01
25.482 9.998820e-01
25.575 9.999599e-01
25.668 9.999630e-01
25.761 1.000037e+00
25.854 1.000036e+00
25.947 1.000104e+00
26.04 1.000096e+00
26.133 1.000156e+00
26.226 1.000139e+00
26.319 1.000189e+00
26.412 1.000163e+00
26.505 1.000204e+00
26.598 1.000168e+00
26.691 1.000201e+00
26.784 1.000157e+00
26.877 1.000182e+00
26.97 1.000133e+00
27.063 1.000152e+00
27.156 1.000098e+00
27.249 1.000113e+00
27.342 1.000057e+00
27.435 1.000071e+00
27.528 1.000015e+00
27.621 1.000029e+00
27.714 9.999748e-01
27.807 9.999916e-01
27.9 9.999403e-01
27.993 9.999606e-01
28.086 9.999134e-01
28.179 9.999381e-01
28.272 9.998958e-01
28.365 9.999251e-01
28.458 9.998877e-01
28.551 9.999216e-01
28.644 9.998887e-01
28.737 9.999267e-01
28.83 9.998977e-01
28.923 9.999390e-01
29.016 9.999129e-01
29.109 9.999565e-01
29.202 9.999323e-01
29.295 9.999771e-01
29.388 9.999537e-01
29.481 9.999986e-01
29.574 9.999750e-01
29.667 1.000019e+00
29.76 9.999944e-01
29.853 1.000037e+00
29.946 1.000010e+00
30.039 1.000051e+00
30.132 1.000022e+00
30.225 1.000060e+00
30.318 1.000029e+00
30.411 1.000064e+00
30.504 1.000031e+00
30.597 1.000064e+00
30.69 1.000029e+00
30.783 1.000060e+00
30.876 1.000023e+00
30.969 1.000052e+00
31.062 1.000014e+00
31.155 1.000043e+00
31.248 1.000004e+00
31.341 1.000032e+00
31.434 9.999928e-01
31.527 1.000021e+00
31.62 9.999825e-01
31.713 1.000012e+00
31.806 9.999736e-01
31.899 1.000004e+00
31.992 9.999668e-01
32.085 9.999978e-01
32.178 9.999623e-01
32.271 9.999946e-01
32.364 9.999602e-01
32.457 9.999937e-01
32.55 9.999605e-01
32.643 9.999951e-01
32.736 9.999628e-01
32.829 9.999982e-01
32.922 9.999667e-01
33.015 1.000003e+00
33.108 9.999714e-01
33.201 1.000008e+00
33.294 9.999766e-01
33.387 1.000013e+00
33.48 9.999815e-01
33.573 1.000017e+00
33.666 9.999858e-01
33.759 1.000021e+00
33.852 9.999890e-01
33.945 1.000024e+00
34.038 9.999911e-01
34.131 1.000025e+00
34.224 9.999918e-01
34.317 1.000026e+00
34.41 9.999914e-01
34.503 1.000025e+00
34.596 9.999900e-01
34.689 1.000023e+00
34.782 9.999879e-01
34.875 1.000021e+00
34.968 9.999855e-01
35.061 1.000018e+00
35.154 9.999832e-01
35.247 1.000016e+00
35.34 9.999812e-01
35.433 1.000015e+00
35.526 9.999799e-01
35.619 1.000014e+00
