0.000000e+00  7.757500e-10
1.000000e-01  7.749190e-10
2.000000e-01  7.737162e-10
3.000000e-01  7.725836e-10
4.000000e-01  7.714430e-10
5.000000e-01  7.702974e-10
6.000000e-01  7.691635e-10
7.000000e-01  7.680360e-10
8.000000e-01  7.669294e-10
9.000000e-01  7.658405e-10
1.000000e+00  7.647866e-10
1.100000e+00  7.637570e-10
1.200000e+00  7.627709e-10
1.300000e+00  7.618207e-10
1.400000e+00  7.609247e-10
1.500000e+00  7.600713e-10
1.600000e+00  7.592614e-10
1.700000e+00  7.584770e-10
1.800000e+00  7.577434e-10
1.900000e+00  7.570547e-10
2.000000e+00  1.432889e+00
2.100000e+00  1.386825e+00
2.200000e+00  1.344335e+00
2.300000e+00  1.303649e+00
2.400000e+00  1.265661e+00
2.500000e+00  1.230621e+00
2.600000e+00  1.196520e+00
2.700000e+00  1.163544e+00
2.800000e+00  1.134445e+00
2.900000e+00  1.105684e+00
3.000000e+00  1.081166e+00
3.100000e+00  1.056500e+00
3.200000e+00  1.036742e+00
3.300000e+00  1.018556e+00
3.400000e+00  1.003368e+00
3.500000e+00  9.890529e-01
3.600000e+00  9.790806e-01
3.700000e+00  9.704661e-01
3.800000e+00  9.660462e-01
3.900000e+00  9.615491e-01
4.000000e+00  9.649944e-01
4.100000e+00  9.745259e-01
4.200000e+00  9.807741e-01
4.300000e+00  9.872062e-01
4.400000e+00  9.916307e-01
4.500000e+00  9.959026e-01
4.600000e+00  9.986789e-01
4.700000e+00  1.001269e+00
4.800000e+00  1.002704e+00
4.900000e+00  1.004011e+00
5.000000e+00  1.004438e+00
5.100000e+00  1.004819e+00
5.200000e+00  1.004541e+00
5.300000e+00  1.004319e+00
5.400000e+00  1.003632e+00
5.500000e+00  1.003100e+00
5.600000e+00  1.002267e+00
5.700000e+00  1.001663e+00
5.800000e+00  1.000885e+00
5.900000e+00  1.000393e+00
6.000000e+00  9.998131e-01
6.100000e+00  9.995720e-01
6.200000e+00  9.992853e-01
6.300000e+00  9.992700e-01
6.400000e+00  9.991708e-01
6.500000e+00  9.992840e-01
6.600000e+00  9.992871e-01
6.700000e+00  9.994579e-01
6.800000e+00  9.995022e-01
6.900000e+00  9.996821e-01
7.000000e+00  9.997280e-01
7.100000e+00  9.998878e-01
7.200000e+00  9.999129e-01
7.300000e+00  1.000039e+00
7.400000e+00  1.000034e+00
7.500000e+00  1.000124e+00
7.600000e+00  1.000092e+00
7.700000e+00  1.000150e+00
7.800000e+00  1.000098e+00
7.900000e+00  1.000136e+00
8.000000e+00  1.000072e+00
8.100000e+00  1.000100e+00
8.200000e+00  1.000035e+00
8.300000e+00  1.000061e+00
8.400000e+00  1.000002e+00
8.500000e+00  1.000030e+00
8.600000e+00  9.999776e-01
8.700000e+00  1.000010e+00
8.800000e+00  9.999646e-01
8.900000e+00  1.000000e+00
9.000000e+00  9.999609e-01
9.100000e+00  9.999989e-01
9.200000e+00  9.999637e-01
9.300000e+00  1.000002e+00
9.400000e+00  9.999696e-01
9.500000e+00  1.000008e+00
9.600000e+00  9.999762e-01
9.700000e+00  1.000013e+00
9.800000e+00  9.999817e-01
9.900000e+00  1.000016e+00
1.000000e+01  9.999854e-01
1.010000e+01  1.000018e+00
1.020000e+01  9.999874e-01
1.030000e+01  1.000018e+00
1.040000e+01  9.999880e-01
1.050000e+01  1.000018e+00
1.060000e+01  9.999877e-01
1.070000e+01  1.000017e+00
1.080000e+01  9.999871e-01
1.090000e+01  1.000015e+00
1.100000e+01  9.999865e-01
1.110000e+01  1.000014e+00
1.120000e+01  9.999862e-01
1.130000e+01  1.000013e+00
1.140000e+01  9.999861e-01
1.150000e+01  1.000013e+00
1.160000e+01  9.999862e-01
1.170000e+01  1.000012e+00
1.180000e+01  9.999866e-01
1.190000e+01  1.000012e+00
1.200000e+01  9.999870e-01
1.210000e+01  1.000012e+00
1.220000e+01  9.999874e-01
1.230000e+01  1.000012e+00
1.240000e+01  9.999877e-01
1.250000e+01  1.000012e+00
1.260000e+01  9.999880e-01
1.270000e+01  1.000012e+00
1.280000e+01  9.999883e-01
1.290000e+01  1.000012e+00
1.300000e+01  9.999885e-01
1.310000e+01  1.000011e+00
1.320000e+01  9.999886e-01
1.330000e+01  1.000011e+00
1.340000e+01  9.999888e-01
1.350000e+01  1.000011e+00
1.360000e+01  9.999889e-01
1.370000e+01  1.000011e+00
1.380000e+01  9.999891e-01
1.390000e+01  1.000011e+00
1.400000e+01  9.999892e-01
1.410000e+01  1.000010e+00
1.420000e+01  9.999893e-01
1.430000e+01  1.000010e+00
1.440000e+01  9.999895e-01
1.450000e+01  1.000010e+00
1.460000e+01  9.999896e-01
1.470000e+01  1.000010e+00
1.480000e+01  9.999897e-01
1.490000e+01  1.000010e+00
1.500000e+01  9.999898e-01
1.510000e+01  1.000010e+00
1.520000e+01  9.999899e-01
1.530000e+01  1.000010e+00
1.540000e+01  9.999901e-01
1.550000e+01  1.000010e+00
1.560000e+01  9.999902e-01
1.570000e+01  1.000010e+00
1.580000e+01  9.999902e-01
1.590000e+01  1.000009e+00
1.600000e+01  9.999903e-01
1.610000e+01  1.000009e+00
1.620000e+01  9.999904e-01
1.630000e+01  1.000009e+00
1.640000e+01  9.999905e-01
1.650000e+01  1.000009e+00
1.660000e+01  9.999906e-01
1.670000e+01  1.000009e+00
1.680000e+01  9.999907e-01
1.690000e+01  1.000009e+00
1.700000e+01  9.999907e-01
1.710000e+01  1.000009e+00
1.720000e+01  9.999908e-01
1.730000e+01  1.000009e+00
1.740000e+01  9.999909e-01
1.750000e+01  1.000009e+00
1.760000e+01  9.999909e-01
1.770000e+01  1.000009e+00
1.780000e+01  9.999910e-01
1.790000e+01  1.000009e+00
1.800000e+01  9.999911e-01
1.810000e+01  1.000009e+00
1.820000e+01  9.999911e-01
1.830000e+01  1.000009e+00
1.840000e+01  9.999912e-01
1.850000e+01  1.000009e+00
1.860000e+01  9.999912e-01
1.870000e+01  1.000009e+00
1.880000e+01  9.999913e-01
1.890000e+01  1.000008e+00
1.900000e+01  9.999913e-01
1.910000e+01  1.000008e+00
1.920000e+01  9.999913e-01
1.930000e+01  1.000008e+00
1.940000e+01  9.999914e-01
1.950000e+01  1.000008e+00
1.960000e+01  9.999914e-01
1.970000e+01  1.000008e+00
1.980000e+01  9.999915e-01
1.990000e+01  1.000008e+00
2.000000e+01  9.999915e-01
2.010000e+01  1.000008e+00
2.020000e+01  9.999915e-01
2.030000e+01  1.000008e+00
2.040000e+01  9.999916e-01
2.050000e+01  1.000008e+00
2.060000e+01  9.999916e-01
2.070000e+01  1.000008e+00
2.080000e+01  9.999916e-01
2.090000e+01  1.000008e+00
2.100000e+01  9.999917e-01
2.110000e+01  1.000008e+00
2.120000e+01  9.999917e-01
2.130000e+01  1.000008e+00
2.140000e+01  9.999917e-01
2.150000e+01  1.000008e+00
2.160000e+01  9.999917e-01
2.170000e+01  1.000008e+00
2.180000e+01  9.999918e-01
2.190000e+01  1.000008e+00
2.200000e+01  9.999918e-01
2.210000e+01  1.000008e+00
2.220000e+01  9.999918e-01
2.230000e+01  1.000008e+00
2.240000e+01  9.999918e-01
2.250000e+01  1.000008e+00
2.260000e+01  9.999918e-01
2.270000e+01  1.000008e+00
2.280000e+01  9.999919e-01
2.290000e+01  1.000008e+00
2.300000e+01  9.999919e-01
2.310000e+01  1.000008e+00
2.320000e+01  9.999919e-01
2.330000e+01  1.000008e+00
2.340000e+01  9.999919e-01
2.350000e+01  1.000008e+00
2.360000e+01  9.999919e-01
2.370000e+01  1.000008e+00
2.380000e+01  9.999919e-01
2.390000e+01  1.000008e+00
2.400000e+01  9.999919e-01
2.410000e+01  1.000008e+00
2.420000e+01  9.999919e-01
2.430000e+01  1.000008e+00
2.440000e+01  9.999919e-01
2.450000e+01  1.000008e+00
2.460000e+01  9.999920e-01
2.470000e+01  1.000008e+00
2.480000e+01  9.999920e-01
2.490000e+01  1.000008e+00
2.500000e+01  9.999920e-01
2.510000e+01  1.000008e+00
2.520000e+01  9.999920e-01
2.530000e+01  1.000008e+00
2.540000e+01  9.999920e-01
2.550000e+01  1.000008e+00
