0.000000e+00  4.567877e-08
1.000000e-01  3.762687e-08
2.000000e-01  2.851431e-08
3.000000e-01  2.146574e-08
4.000000e-01  1.594651e-08
5.000000e-01  1.145850e-08
6.000000e-01  8.147246e-09
7.000000e-01  5.619056e-09
8.000000e-01  3.866021e-09
9.000000e-01  2.621956e-09
1.000000e+00  1.802033e-09
1.100000e+00  1.234982e-09
1.200000e+00  8.754023e-10
1.300000e+00  6.328300e-10
1.400000e+00  4.771388e-10
1.500000e+00  3.703094e-10
1.600000e+00  2.978134e-10
1.700000e+00  2.439482e-10
1.800000e+00  2.067817e-10
1.900000e+00  1.795518e-10
2.000000e+00  4.616178e+00
2.100000e+00  3.482530e+00
2.200000e+00  2.701494e+00
2.300000e+00  2.113235e+00
2.400000e+00  1.679866e+00
2.500000e+00  1.382389e+00
2.600000e+00  1.105690e+00
2.700000e+00  8.911945e-01
2.800000e+00  7.542059e-01
2.900000e+00  6.328705e-01
3.000000e+00  5.724809e-01
3.100000e+00  5.098200e-01
3.200000e+00  5.095551e-01
3.300000e+00  5.184201e-01
3.400000e+00  5.496255e-01
3.500000e+00  5.807475e-01
3.600000e+00  6.624003e-01
3.700000e+00  7.445017e-01
3.800000e+00  8.750663e-01
3.900000e+00  9.740544e-01
4.000000e+00  1.227387e+00
4.100000e+00  1.483166e+00
4.200000e+00  1.517916e+00
4.300000e+00  1.490493e+00
4.400000e+00  1.391495e+00
4.500000e+00  1.287578e+00
4.600000e+00  1.170748e+00
4.700000e+00  1.070115e+00
4.800000e+00  9.762480e-01
4.900000e+00  9.042187e-01
5.000000e+00  8.443570e-01
5.100000e+00  8.053634e-01
5.200000e+00  7.792762e-01
5.300000e+00  7.733530e-01
5.400000e+00  7.799820e-01
5.500000e+00  8.056957e-01
5.600000e+00  8.416556e-01
5.700000e+00  8.923961e-01
5.800000e+00  9.486577e-01
5.900000e+00  1.012544e+00
6.000000e+00  1.072862e+00
6.100000e+00  1.131653e+00
6.200000e+00  1.167883e+00
6.300000e+00  1.182451e+00
6.400000e+00  1.171459e+00
6.500000e+00  1.145968e+00
6.600000e+00  1.107138e+00
6.700000e+00  1.065632e+00
6.800000e+00  1.021767e+00
6.900000e+00  9.832888e-01
7.000000e+00  9.488373e-01
7.100000e+00  9.237539e-01
7.200000e+00  9.054284e-01
7.300000e+00  8.976729e-01
7.400000e+00  8.970456e-01
7.500000e+00  9.063502e-01
7.600000e+00  9.213070e-01
7.700000e+00  9.437786e-01
7.800000e+00  9.685293e-01
7.900000e+00  9.966357e-01
8.000000e+00  1.022219e+00
8.100000e+00  1.046128e+00
8.200000e+00  1.062645e+00
8.300000e+00  1.073232e+00
8.400000e+00  1.074111e+00
8.500000e+00  1.068954e+00
8.600000e+00  1.056220e+00
8.700000e+00  1.040719e+00
8.800000e+00  1.021723e+00
8.900000e+00  1.003835e+00
9.000000e+00  9.861082e-01
9.100000e+00  9.723455e-01
9.200000e+00  9.610115e-01
9.300000e+00  9.550478e-01
9.400000e+00  9.522822e-01
9.500000e+00  9.549176e-01
9.600000e+00  9.601924e-01
9.700000e+00  9.697181e-01
9.800000e+00  9.802518e-01
9.900000e+00  9.930214e-01
1.000000e+01  1.004560e+00
1.010000e+01  1.016051e+00
1.020000e+01  1.024224e+00
1.030000e+01  1.030628e+00
1.040000e+01  1.032621e+00
1.050000e+01  1.032416e+00
1.060000e+01  1.028166e+00
1.070000e+01  1.022635e+00
1.080000e+01  1.014495e+00
1.090000e+01  1.006665e+00
1.100000e+01  9.979338e-01
1.110000e+01  9.910213e-01
1.120000e+01  9.845399e-01
1.130000e+01  9.808349e-01
1.140000e+01  9.782067e-01
1.150000e+01  9.785942e-01
1.160000e+01  9.799686e-01
1.170000e+01  9.839231e-01
1.180000e+01  9.881689e-01
1.190000e+01  9.940811e-01
1.200000e+01  9.992553e-01
1.210000e+01  1.005027e+00
1.220000e+01  1.009071e+00
1.230000e+01  1.012867e+00
1.240000e+01  1.014344e+00
1.250000e+01  1.015244e+00
1.260000e+01  1.013825e+00
1.270000e+01  1.012078e+00
1.280000e+01  1.008526e+00
1.290000e+01  1.005287e+00
1.300000e+01  1.001000e+00
1.310000e+01  9.977513e-01
1.320000e+01  9.941511e-01
1.330000e+01  9.921353e-01
1.340000e+01  9.901873e-01
1.350000e+01  9.900440e-01
1.360000e+01  9.900273e-01
1.370000e+01  9.916866e-01
1.380000e+01  9.932067e-01
1.390000e+01  9.960088e-01
1.400000e+01  9.982092e-01
1.410000e+01  1.001189e+00
1.420000e+01  1.003087e+00
1.430000e+01  1.005334e+00
1.440000e+01  1.006174e+00
1.450000e+01  1.007146e+00
1.460000e+01  1.006642e+00
1.470000e+01  1.006314e+00
1.480000e+01  1.004690e+00
1.490000e+01  1.003496e+00
1.500000e+01  1.001336e+00
1.510000e+01  9.999411e-01
1.520000e+01  9.979267e-01
1.530000e+01  9.969675e-01
1.540000e+01  9.956321e-01
1.550000e+01  9.955031e-01
1.560000e+01  9.950760e-01
1.570000e+01  9.958363e-01
1.580000e+01  9.962104e-01
1.590000e+01  9.976103e-01
1.600000e+01  9.984228e-01
1.610000e+01  1.000027e+00
1.620000e+01  1.000813e+00
1.630000e+01  1.002172e+00
1.640000e+01  1.002538e+00
1.650000e+01  1.003344e+00
1.660000e+01  1.003092e+00
1.670000e+01  1.003269e+00
1.680000e+01  1.002445e+00
1.690000e+01  1.002144e+00
1.700000e+01  1.000984e+00
1.710000e+01  1.000499e+00
1.720000e+01  9.993233e-01
1.730000e+01  9.989702e-01
1.740000e+01  9.980590e-01
1.750000e+01  9.980625e-01
1.760000e+01  9.975687e-01
1.770000e+01  9.980013e-01
1.780000e+01  9.979152e-01
1.790000e+01  9.986929e-01
1.800000e+01  9.988678e-01
1.810000e+01  9.997996e-01
1.820000e+01  1.000019e+00
1.830000e+01  1.000886e+00
1.840000e+01  1.000948e+00
1.850000e+01  1.001581e+00
1.860000e+01  1.001365e+00
1.870000e+01  1.001698e+00
1.880000e+01  1.001195e+00
1.890000e+01  1.001274e+00
1.900000e+01  1.000576e+00
1.910000e+01  1.000528e+00
1.920000e+01  9.997830e-01
1.930000e+01  9.997598e-01
1.940000e+01  9.991115e-01
1.950000e+01  9.992366e-01
1.960000e+01  9.987762e-01
1.970000e+01  9.991046e-01
1.980000e+01  9.988476e-01
1.990000e+01  9.993568e-01
2.000000e+01  9.992469e-01
2.010000e+01  9.998550e-01
2.020000e+01  9.997931e-01
2.030000e+01  1.000394e+00
2.040000e+01  1.000278e+00
2.050000e+01  1.000783e+00
2.060000e+01  1.000542e+00
2.070000e+01  1.000905e+00
2.080000e+01  1.000524e+00
2.090000e+01  1.000755e+00
2.100000e+01  1.000266e+00
2.110000e+01  1.000419e+00
2.120000e+01  9.998905e-01
2.130000e+01  1.000040e+00
2.140000e+01  9.995443e-01
2.150000e+01  9.997550e-01
2.160000e+01  9.993443e-01
2.170000e+01  9.996515e-01
2.180000e+01  9.993416e-01
2.190000e+01  9.997420e-01
2.200000e+01  9.995118e-01
2.210000e+01  9.999697e-01
2.220000e+01  9.997728e-01
2.230000e+01  1.000236e+00
2.240000e+01  1.000020e+00
2.250000e+01  1.000442e+00
2.260000e+01  1.000168e+00
2.270000e+01  1.000520e+00
2.280000e+01  1.000175e+00
2.290000e+01  1.000459e+00
2.300000e+01  1.000057e+00
2.310000e+01  1.000297e+00
2.320000e+01  9.998709e-01
2.330000e+01  1.000106e+00
2.340000e+01  9.996941e-01
2.350000e+01  9.999594e-01
2.360000e+01  9.995908e-01
2.370000e+01  9.999067e-01
2.380000e+01  9.995916e-01
2.390000e+01  9.999576e-01
2.400000e+01  9.996853e-01
2.410000e+01  1.000082e+00
2.420000e+01  9.998267e-01
2.430000e+01  1.000225e+00
2.440000e+01  9.999563e-01
2.450000e+01  1.000328e+00
2.460000e+01  1.000024e+00
2.470000e+01  1.000354e+00
2.480000e+01  1.000008e+00
2.490000e+01  1.000298e+00
2.500000e+01  9.999191e-01
2.510000e+01  1.000187e+00
2.520000e+01  9.997988e-01
2.530000e+01  1.000070e+00
2.540000e+01  9.996982e-01
2.550000e+01  9.999967e-01
