0.000000e+00  2.348222e-09
1.000000e-01  2.160793e-09
2.000000e-01  1.922567e-09
3.000000e-01  1.721978e-09
4.000000e-01  1.544884e-09
5.000000e-01  1.385636e-09
6.000000e-01  1.249265e-09
7.000000e-01  1.130083e-09
8.000000e-01  1.030838e-09
9.000000e-01  9.471479e-10
1.000000e+00  8.793344e-10
1.100000e+00  8.229145e-10
1.200000e+00  7.784066e-10
1.300000e+00  7.422433e-10
1.400000e+00  7.139979e-10
1.500000e+00  6.912894e-10
1.600000e+00  6.732442e-10
1.700000e+00  6.581750e-10
1.800000e+00  6.463429e-10
1.900000e+00  6.367286e-10
2.000000e+00  3.151822e+00
2.100000e+00  2.663878e+00
2.200000e+00  2.283448e+00
2.300000e+00  1.962989e+00
2.400000e+00  1.703552e+00
2.500000e+00  1.498015e+00
2.600000e+00  1.310508e+00
2.700000e+00  1.148371e+00
2.800000e+00  1.029351e+00
2.900000e+00  9.189615e-01
3.000000e+00  8.463262e-01
3.100000e+00  7.740479e-01
3.200000e+00  7.403054e-01
3.300000e+00  7.154102e-01
3.400000e+00  7.073589e-01
3.500000e+00  7.020742e-01
3.600000e+00  7.248131e-01
3.700000e+00  7.517632e-01
3.800000e+00  8.047397e-01
3.900000e+00  8.497718e-01
4.000000e+00  9.615412e-01
4.100000e+00  1.096107e+00
4.200000e+00  1.158392e+00
4.300000e+00  1.197289e+00
4.400000e+00  1.198118e+00
4.500000e+00  1.187828e+00
4.600000e+00  1.158859e+00
4.700000e+00  1.127978e+00
4.800000e+00  1.089528e+00
4.900000e+00  1.054807e+00
5.000000e+00  1.018860e+00
5.100000e+00  9.892955e-01
5.200000e+00  9.618394e-01
5.300000e+00  9.423058e-01
5.400000e+00  9.266592e-01
5.500000e+00  9.194988e-01
5.600000e+00  9.167353e-01
5.700000e+00  9.217237e-01
5.800000e+00  9.305894e-01
5.900000e+00  9.458136e-01
6.000000e+00  9.631956e-01
6.100000e+00  9.850814e-01
6.200000e+00  1.004852e+00
6.300000e+00  1.022860e+00
6.400000e+00  1.034892e+00
6.500000e+00  1.043249e+00
6.600000e+00  1.045468e+00
6.700000e+00  1.044699e+00
6.800000e+00  1.039337e+00
6.900000e+00  1.032650e+00
7.000000e+00  1.023334e+00
7.100000e+00  1.014409e+00
7.200000e+00  1.004582e+00
7.300000e+00  9.964792e-01
7.400000e+00  9.887060e-01
7.500000e+00  9.834830e-01
7.600000e+00  9.792564e-01
7.700000e+00  9.778583e-01
7.800000e+00  9.775473e-01
7.900000e+00  9.798135e-01
8.000000e+00  9.827451e-01
8.100000e+00  9.875615e-01
8.200000e+00  9.922275e-01
8.300000e+00  9.977558e-01
8.400000e+00  1.002157e+00
8.500000e+00  1.006534e+00
8.600000e+00  1.009174e+00
8.700000e+00  1.011381e+00
8.800000e+00  1.011747e+00
8.900000e+00  1.011736e+00
9.000000e+00  1.010168e+00
9.100000e+00  1.008574e+00
9.200000e+00  1.005896e+00
9.300000e+00  1.003639e+00
9.400000e+00  1.000785e+00
9.500000e+00  9.987483e-01
9.600000e+00  9.964874e-01
9.700000e+00  9.952926e-01
9.800000e+00  9.940697e-01
9.900000e+00  9.939775e-01
1.000000e+01  9.938624e-01
1.010000e+01  9.947679e-01
1.020000e+01  9.954984e-01
1.030000e+01  9.970164e-01
1.040000e+01  9.981209e-01
1.050000e+01  9.997430e-01
1.060000e+01  1.000724e+00
1.070000e+01  1.002010e+00
1.080000e+01  1.002517e+00
1.090000e+01  1.003225e+00
1.100000e+01  1.003132e+00
1.110000e+01  1.003250e+00
1.120000e+01  1.002643e+00
1.130000e+01  1.002335e+00
1.140000e+01  1.001435e+00
1.150000e+01  1.000954e+00
1.160000e+01  1.000020e+00
1.170000e+01  9.996123e-01
1.180000e+01  9.988595e-01
1.190000e+01  9.986975e-01
1.200000e+01  9.982451e-01
1.210000e+01  9.983930e-01
1.220000e+01  9.982489e-01
1.230000e+01  9.986648e-01
1.240000e+01  9.987445e-01
1.250000e+01  9.993133e-01
1.260000e+01  9.994825e-01
1.270000e+01  1.000065e+00
1.280000e+01  1.000191e+00
1.290000e+01  1.000671e+00
1.300000e+01  1.000663e+00
1.310000e+01  1.000980e+00
1.320000e+01  1.000807e+00
1.330000e+01  1.000961e+00
1.340000e+01  1.000650e+00
1.350000e+01  1.000688e+00
1.360000e+01  1.000301e+00
1.370000e+01  1.000295e+00
1.380000e+01  9.999049e-01
1.390000e+01  9.999234e-01
1.400000e+01  9.995899e-01
1.410000e+01  9.996797e-01
1.420000e+01  9.994336e-01
1.430000e+01  9.996100e-01
1.440000e+01  9.994506e-01
1.450000e+01  9.996991e-01
1.460000e+01  9.996006e-01
1.470000e+01  9.998874e-01
1.480000e+01  9.998115e-01
1.490000e+01  1.000098e+00
1.500000e+01  1.000008e+00
1.510000e+01  1.000262e+00
1.520000e+01  1.000134e+00
1.530000e+01  1.000341e+00
1.540000e+01  1.000167e+00
1.550000e+01  1.000328e+00
1.560000e+01  1.000116e+00
1.570000e+01  1.000245e+00
1.580000e+01  1.000015e+00
1.590000e+01  1.000132e+00
1.600000e+01  9.999031e-01
1.610000e+01  1.000028e+00
1.620000e+01  9.998173e-01
1.630000e+01  9.999624e-01
1.640000e+01  9.997777e-01
1.650000e+01  9.999467e-01
1.660000e+01  9.997871e-01
1.670000e+01  9.999753e-01
1.680000e+01  9.998327e-01
1.690000e+01  1.000030e+00
1.700000e+01  9.998936e-01
1.710000e+01  1.000089e+00
1.720000e+01  9.999487e-01
1.730000e+01  1.000134e+00
1.740000e+01  9.999828e-01
1.750000e+01  1.000154e+00
1.760000e+01  9.999901e-01
1.770000e+01  1.000148e+00
1.780000e+01  9.999741e-01
1.790000e+01  1.000123e+00
1.800000e+01  9.999445e-01
1.810000e+01  1.000090e+00
1.820000e+01  9.999130e-01
1.830000e+01  1.000060e+00
1.840000e+01  9.998896e-01
1.850000e+01  1.000043e+00
1.860000e+01  9.998798e-01
1.870000e+01  1.000039e+00
1.880000e+01  9.998838e-01
1.890000e+01  1.000048e+00
1.900000e+01  9.998978e-01
1.910000e+01  1.000064e+00
1.920000e+01  9.999156e-01
1.930000e+01  1.000081e+00
1.940000e+01  9.999312e-01
1.950000e+01  1.000093e+00
1.960000e+01  9.999405e-01
1.970000e+01  1.000098e+00
1.980000e+01  9.999421e-01
1.990000e+01  1.000095e+00
2.000000e+01  9.999372e-01
2.010000e+01  1.000088e+00
2.020000e+01  9.999286e-01
2.030000e+01  1.000078e+00
2.040000e+01  9.999198e-01
2.050000e+01  1.000070e+00
2.060000e+01  9.999135e-01
2.070000e+01  1.000065e+00
2.080000e+01  9.999111e-01
2.090000e+01  1.000064e+00
2.100000e+01  9.999127e-01
2.110000e+01  1.000066e+00
2.120000e+01  9.999169e-01
2.130000e+01  1.000071e+00
2.140000e+01  9.999222e-01
2.150000e+01  1.000076e+00
2.160000e+01  9.999267e-01
2.170000e+01  1.000079e+00
2.180000e+01  9.999293e-01
2.190000e+01  1.000080e+00
2.200000e+01  9.999297e-01
2.210000e+01  1.000079e+00
2.220000e+01  9.999283e-01
2.230000e+01  1.000077e+00
2.240000e+01  9.999259e-01
2.250000e+01  1.000074e+00
2.260000e+01  9.999234e-01
2.270000e+01  1.000072e+00
2.280000e+01  9.999217e-01
2.290000e+01  1.000070e+00
2.300000e+01  9.999212e-01
2.310000e+01  1.000070e+00
2.320000e+01  9.999217e-01
2.330000e+01  1.000071e+00
2.340000e+01  9.999229e-01
2.350000e+01  1.000072e+00
2.360000e+01  9.999243e-01
2.370000e+01  1.000073e+00
2.380000e+01  9.999256e-01
2.390000e+01  1.000074e+00
2.400000e+01  9.999263e-01
2.410000e+01  1.000074e+00
2.420000e+01  9.999266e-01
2.430000e+01  1.000074e+00
2.440000e+01  9.999263e-01
2.450000e+01  1.000074e+00
2.460000e+01  9.999258e-01
2.470000e+01  1.000073e+00
2.480000e+01  9.999253e-01
2.490000e+01  1.000072e+00
2.500000e+01  9.999248e-01
2.510000e+01  1.000072e+00
2.520000e+01  9.999245e-01
2.530000e+01  1.000072e+00
2.540000e+01  9.999243e-01
2.550000e+01  1.000072e+00
