0.000000e+00  6.873453e-10
1.000000e-01  6.830270e-10
2.000000e-01  6.769708e-10
3.000000e-01  6.714292e-10
4.000000e-01  6.660230e-10
5.000000e-01  6.607376e-10
6.000000e-01  6.556783e-10
7.000000e-01  6.507947e-10
8.000000e-01  6.461742e-10
9.000000e-01  6.417825e-10
1.000000e+00  6.376932e-10
1.100000e+00  6.338358e-10
1.200000e+00  6.302946e-10
1.300000e+00  6.270073e-10
1.400000e+00  6.240323e-10
1.500000e+00  6.213061e-10
1.600000e+00  6.188197e-10
1.700000e+00  6.164946e-10
1.800000e+00  6.144084e-10
1.900000e+00  6.125194e-10
2.000000e+00  1.853510e+00
2.100000e+00  1.735660e+00
2.200000e+00  1.631472e+00
2.300000e+00  1.534910e+00
2.400000e+00  1.448105e+00
2.500000e+00  1.370952e+00
2.600000e+00  1.297631e+00
2.700000e+00  1.228664e+00
2.800000e+00  1.170598e+00
2.900000e+00  1.114273e+00
3.000000e+00  1.069044e+00
3.100000e+00  1.023990e+00
3.200000e+00  9.911359e-01
3.300000e+00  9.620634e-01
3.400000e+00  9.399135e-01
3.500000e+00  9.196934e-01
3.600000e+00  9.093902e-01
3.700000e+00  9.018358e-01
3.800000e+00  9.035626e-01
3.900000e+00  9.046073e-01
4.000000e+00  9.241889e-01
4.100000e+00  9.558037e-01
4.200000e+00  9.764900e-01
4.300000e+00  9.953339e-01
4.400000e+00  1.007241e+00
4.500000e+00  1.017236e+00
4.600000e+00  1.022309e+00
4.700000e+00  1.026035e+00
4.800000e+00  1.026286e+00
4.900000e+00  1.025864e+00
5.000000e+00  1.023121e+00
5.100000e+00  1.020283e+00
5.200000e+00  1.016013e+00
5.300000e+00  1.012178e+00
5.400000e+00  1.007623e+00
5.500000e+00  1.003931e+00
5.600000e+00  1.000054e+00
5.700000e+00  9.972816e-01
5.800000e+00  9.946642e-01
5.900000e+00  9.932787e-01
6.000000e+00  9.921937e-01
6.100000e+00  9.924077e-01
6.200000e+00  9.928280e-01
6.300000e+00  9.940533e-01
6.400000e+00  9.951106e-01
6.500000e+00  9.966164e-01
6.600000e+00  9.977310e-01
6.700000e+00  9.990780e-01
6.800000e+00  9.999266e-01
6.900000e+00  1.000899e+00
7.000000e+00  1.001350e+00
7.100000e+00  1.001893e+00
7.200000e+00  1.001951e+00
7.300000e+00  1.002119e+00
7.400000e+00  1.001870e+00
7.500000e+00  1.001776e+00
7.600000e+00  1.001347e+00
7.700000e+00  1.001125e+00
7.800000e+00  1.000647e+00
7.900000e+00  1.000421e+00
8.000000e+00  1.000000e+00
8.100000e+00  9.998576e-01
8.200000e+00  9.995579e-01
8.300000e+00  9.995376e-01
8.400000e+00  9.993682e-01
8.500000e+00  9.994575e-01
8.600000e+00  9.993893e-01
8.700000e+00  9.995510e-01
8.800000e+00  9.995417e-01
8.900000e+00  9.997336e-01
9.000000e+00  9.997430e-01
9.100000e+00  9.999301e-01
9.200000e+00  9.999282e-01
9.300000e+00  1.000088e+00
9.400000e+00  1.000059e+00
9.500000e+00  1.000182e+00
9.600000e+00  1.000121e+00
9.700000e+00  1.000209e+00
9.800000e+00  1.000123e+00
9.900000e+00  1.000185e+00
1.000000e+01  1.000084e+00
1.010000e+01  1.000133e+00
1.020000e+01  1.000028e+00
1.030000e+01  1.000074e+00
1.040000e+01  9.999746e-01
1.050000e+01  1.000025e+00
1.060000e+01  9.999369e-01
1.070000e+01  9.999955e-01
1.080000e+01  9.999189e-01
1.090000e+01  9.999852e-01
1.100000e+01  9.999186e-01
1.110000e+01  9.999901e-01
1.120000e+01  9.999302e-01
1.130000e+01  1.000004e+00
1.140000e+01  9.999472e-01
1.150000e+01  1.000020e+00
1.160000e+01  9.999637e-01
1.170000e+01  1.000033e+00
1.180000e+01  9.999760e-01
1.190000e+01  1.000041e+00
1.200000e+01  9.999825e-01
1.210000e+01  1.000044e+00
1.220000e+01  9.999838e-01
1.230000e+01  1.000042e+00
1.240000e+01  9.999814e-01
1.250000e+01  1.000037e+00
1.260000e+01  9.999772e-01
1.270000e+01  1.000032e+00
1.280000e+01  9.999730e-01
1.290000e+01  1.000027e+00
1.300000e+01  9.999700e-01
1.310000e+01  1.000024e+00
1.320000e+01  9.999686e-01
1.330000e+01  1.000023e+00
1.340000e+01  9.999687e-01
1.350000e+01  1.000023e+00
1.360000e+01  9.999698e-01
1.370000e+01  1.000023e+00
1.380000e+01  9.999716e-01
1.390000e+01  1.000024e+00
1.400000e+01  9.999733e-01
1.410000e+01  1.000025e+00
1.420000e+01  9.999747e-01
1.430000e+01  1.000026e+00
1.440000e+01  9.999756e-01
1.450000e+01  1.000026e+00
1.460000e+01  9.999760e-01
1.470000e+01  1.000026e+00
1.480000e+01  9.999761e-01
1.490000e+01  1.000025e+00
1.500000e+01  9.999759e-01
1.510000e+01  1.000024e+00
1.520000e+01  9.999758e-01
1.530000e+01  1.000024e+00
1.540000e+01  9.999757e-01
1.550000e+01  1.000023e+00
1.560000e+01  9.999758e-01
1.570000e+01  1.000023e+00
1.580000e+01  9.999760e-01
1.590000e+01  1.000023e+00
1.600000e+01  9.999762e-01
1.610000e+01  1.000023e+00
1.620000e+01  9.999765e-01
1.630000e+01  1.000022e+00
1.640000e+01  9.999769e-01
1.650000e+01  1.000022e+00
1.660000e+01  9.999772e-01
1.670000e+01  1.000022e+00
1.680000e+01  9.999774e-01
1.690000e+01  1.000022e+00
1.700000e+01  9.999776e-01
1.710000e+01  1.000022e+00
1.720000e+01  9.999777e-01
1.730000e+01  1.000022e+00
1.740000e+01  9.999779e-01
1.750000e+01  1.000022e+00
1.760000e+01  9.999780e-01
1.770000e+01  1.000021e+00
1.780000e+01  9.999781e-01
1.790000e+01  1.000021e+00
1.800000e+01  9.999782e-01
1.810000e+01  1.000021e+00
1.820000e+01  9.999783e-01
1.830000e+01  1.000021e+00
1.840000e+01  9.999785e-01
1.850000e+01  1.000021e+00
1.860000e+01  9.999786e-01
1.870000e+01  1.000021e+00
1.880000e+01  9.999787e-01
1.890000e+01  1.000021e+00
1.900000e+01  9.999788e-01
1.910000e+01  1.000021e+00
1.920000e+01  9.999789e-01
1.930000e+01  1.000020e+00
1.940000e+01  9.999790e-01
1.950000e+01  1.000020e+00
1.960000e+01  9.999791e-01
1.970000e+01  1.000020e+00
1.980000e+01  9.999792e-01
1.990000e+01  1.000020e+00
2.000000e+01  9.999793e-01
2.010000e+01  1.000020e+00
2.020000e+01  9.999794e-01
2.030000e+01  1.000020e+00
2.040000e+01  9.999795e-01
2.050000e+01  1.000020e+00
2.060000e+01  9.999795e-01
2.070000e+01  1.000020e+00
2.080000e+01  9.999796e-01
2.090000e+01  1.000020e+00
2.100000e+01  9.999797e-01
2.110000e+01  1.000020e+00
2.120000e+01  9.999797e-01
2.130000e+01  1.000020e+00
2.140000e+01  9.999798e-01
2.150000e+01  1.000020e+00
2.160000e+01  9.999799e-01
2.170000e+01  1.000019e+00
2.180000e+01  9.999799e-01
2.190000e+01  1.000019e+00
2.200000e+01  9.999800e-01
2.210000e+01  1.000019e+00
2.220000e+01  9.999800e-01
2.230000e+01  1.000019e+00
2.240000e+01  9.999801e-01
2.250000e+01  1.000019e+00
2.260000e+01  9.999801e-01
2.270000e+01  1.000019e+00
2.280000e+01  9.999801e-01
2.290000e+01  1.000019e+00
2.300000e+01  9.999802e-01
2.310000e+01  1.000019e+00
2.320000e+01  9.999802e-01
2.330000e+01  1.000019e+00
2.340000e+01  9.999802e-01
2.350000e+01  1.000019e+00
2.360000e+01  9.999803e-01
2.370000e+01  1.000019e+00
2.380000e+01  9.999803e-01
2.390000e+01  1.000019e+00
2.400000e+01  9.999803e-01
2.410000e+01  1.000019e+00
2.420000e+01  9.999803e-01
2.430000e+01  1.000019e+00
2.440000e+01  9.999803e-01
2.450000e+01  1.000019e+00
2.460000e+01  9.999804e-01
2.470000e+01  1.000019e+00
2.480000e+01  9.999804e-01
2.490000e+01  1.000019e+00
2.500000e+01  9.999804e-01
2.510000e+01  1.000019e+00
2.520000e+01  9.999804e-01
2.530000e+01  1.000019e+00
2.540000e+01  9.999804e-01
2.550000e+01  1.000019e+00
