0.000000e+00  2.181868e-07
1.000000e-01  1.726041e-07
2.000000e-01  1.238893e-07
3.000000e-01  8.757716e-08
4.000000e-01  6.080602e-08
5.000000e-01  4.013433e-08
6.000000e-01  2.607935e-08
7.000000e-01  1.613605e-08
8.000000e-01  9.934112e-09
9.000000e-01  5.955920e-09
1.000000e+00  3.631238e-09
1.100000e+00  2.186510e-09
1.200000e+00  1.373869e-09
1.300000e+00  8.767918e-10
1.400000e+00  5.864744e-10
1.500000e+00  4.007146e-10
1.600000e+00  2.820714e-10
1.700000e+00  1.977109e-10
1.800000e+00  1.419524e-10
1.900000e+00  1.027803e-10
2.000000e+00  5.288261e+00
2.100000e+00  3.786814e+00
2.200000e+00  2.806145e+00
2.300000e+00  2.107168e+00
2.400000e+00  1.610092e+00
2.500000e+00  1.292681e+00
2.600000e+00  9.873503e-01
2.700000e+00  7.642630e-01
2.800000e+00  6.301164e-01
2.900000e+00  5.145074e-01
3.000000e+00  4.660488e-01
3.100000e+00  4.139933e-01
3.200000e+00  4.323223e-01
3.300000e+00  4.588715e-01
3.400000e+00  5.104888e-01
3.500000e+00  5.596630e-01
3.600000e+00  6.726263e-01
3.700000e+00  7.812592e-01
3.800000e+00  9.510541e-01
3.900000e+00  1.068940e+00
4.000000e+00  1.395312e+00
4.100000e+00  1.694188e+00
4.200000e+00  1.678881e+00
4.300000e+00  1.587631e+00
4.400000e+00  1.422737e+00
4.500000e+00  1.266388e+00
4.600000e+00  1.110743e+00
4.700000e+00  9.845496e-01
4.800000e+00  8.762510e-01
4.900000e+00  7.988628e-01
5.000000e+00  7.405506e-01
5.100000e+00  7.089417e-01
5.200000e+00  6.948139e-01
5.300000e+00  7.058164e-01
5.400000e+00  7.330193e-01
5.500000e+00  7.840639e-01
5.600000e+00  8.472165e-01
5.700000e+00  9.272717e-01
5.800000e+00  1.010994e+00
5.900000e+00  1.099161e+00
6.000000e+00  1.175864e+00
6.100000e+00  1.242467e+00
6.200000e+00  1.268830e+00
6.300000e+00  1.259562e+00
6.400000e+00  1.216044e+00
6.500000e+00  1.157019e+00
6.600000e+00  1.087491e+00
6.700000e+00  1.021487e+00
6.800000e+00  9.598892e-01
6.900000e+00  9.110284e-01
7.000000e+00  8.726740e-01
7.100000e+00  8.499727e-01
7.200000e+00  8.390729e-01
7.300000e+00  8.436239e-01
7.400000e+00  8.587229e-01
7.500000e+00  8.869843e-01
7.600000e+00  9.220555e-01
7.700000e+00  9.651942e-01
7.800000e+00  1.008312e+00
7.900000e+00  1.051641e+00
8.000000e+00  1.086434e+00
8.100000e+00  1.113399e+00
8.200000e+00  1.125165e+00
8.300000e+00  1.124652e+00
8.400000e+00  1.108964e+00
8.500000e+00  1.084998e+00
8.600000e+00  1.053006e+00
8.700000e+00  1.020452e+00
8.800000e+00  9.875161e-01
8.900000e+00  9.601314e-01
9.000000e+00  9.372251e-01
9.100000e+00  9.230169e-01
9.200000e+00  9.151845e-01
9.300000e+00  9.166352e-01
9.400000e+00  9.239663e-01
9.500000e+00  9.390793e-01
9.600000e+00  9.575788e-01
9.700000e+00  9.805802e-01
9.800000e+00  1.002950e+00
9.900000e+00  1.025485e+00
1.000000e+01  1.043043e+00
1.010000e+01  1.056932e+00
1.020000e+01  1.063007e+00
1.030000e+01  1.063833e+00
1.040000e+01  1.056897e+00
1.050000e+01  1.046138e+00
1.060000e+01  1.030382e+00
1.070000e+01  1.014125e+00
1.080000e+01  9.965412e-01
1.090000e+01  9.817659e-01
1.100000e+01  9.685748e-01
1.110000e+01  9.603170e-01
1.120000e+01  9.550806e-01
1.130000e+01  9.553952e-01
1.140000e+01  9.586319e-01
1.150000e+01  9.666284e-01
1.160000e+01  9.761415e-01
1.170000e+01  9.885381e-01
1.180000e+01  1.000216e+00
1.190000e+01  1.012423e+00
1.200000e+01  1.021627e+00
1.210000e+01  1.029393e+00
1.220000e+01  1.032722e+00
1.230000e+01  1.033817e+00
1.240000e+01  1.030450e+00
1.250000e+01  1.025466e+00
1.260000e+01  1.017278e+00
1.270000e+01  1.009057e+00
1.280000e+01  9.994734e-01
1.290000e+01  9.916126e-01
1.300000e+01  9.840203e-01
1.310000e+01  9.794175e-01
1.320000e+01  9.759989e-01
1.330000e+01  9.760225e-01
1.340000e+01  9.772656e-01
1.350000e+01  9.815648e-01
1.360000e+01  9.863392e-01
1.370000e+01  9.931457e-01
1.380000e+01  9.992120e-01
1.390000e+01  1.006032e+00
1.400000e+01  1.010882e+00
1.410000e+01  1.015428e+00
1.420000e+01  1.017227e+00
1.430000e+01  1.018271e+00
1.440000e+01  1.016510e+00
1.450000e+01  1.014266e+00
1.460000e+01  1.009826e+00
1.470000e+01  1.005699e+00
1.480000e+01  1.000331e+00
1.490000e+01  9.962172e-01
1.500000e+01  9.917669e-01
1.510000e+01  9.892992e-01
1.520000e+01  9.870451e-01
1.530000e+01  9.870694e-01
1.540000e+01  9.873715e-01
1.550000e+01  9.897714e-01
1.560000e+01  9.920655e-01
1.570000e+01  9.959087e-01
1.580000e+01  9.989907e-01
1.590000e+01  1.002925e+00
1.600000e+01  1.005429e+00
1.610000e+01  1.008202e+00
1.620000e+01  1.009107e+00
1.630000e+01  1.010018e+00
1.640000e+01  1.009001e+00
1.650000e+01  1.008107e+00
1.660000e+01  1.005586e+00
1.670000e+01  1.003594e+00
1.680000e+01  1.000481e+00
1.690000e+01  9.984057e-01
1.700000e+01  9.957111e-01
1.710000e+01  9.944683e-01
1.720000e+01  9.929305e-01
1.730000e+01  9.930301e-01
1.740000e+01  9.928946e-01
1.750000e+01  9.943162e-01
1.760000e+01  9.953093e-01
1.770000e+01  9.975688e-01
1.780000e+01  9.990482e-01
1.790000e+01  1.001414e+00
1.800000e+01  1.002632e+00
1.810000e+01  1.004410e+00
1.820000e+01  1.004791e+00
1.830000e+01  1.005574e+00
1.840000e+01  1.004910e+00
1.850000e+01  1.004693e+00
1.860000e+01  1.003177e+00
1.870000e+01  1.002316e+00
1.880000e+01  1.000425e+00
1.890000e+01  9.994643e-01
1.900000e+01  9.977512e-01
1.910000e+01  9.972042e-01
1.920000e+01  9.960953e-01
1.930000e+01  9.962682e-01
1.940000e+01  9.959275e-01
1.950000e+01  9.968380e-01
1.960000e+01  9.971414e-01
1.970000e+01  9.985452e-01
1.980000e+01  9.991556e-01
1.990000e+01  1.000660e+00
2.000000e+01  1.001169e+00
2.010000e+01  1.002388e+00
2.020000e+01  1.002467e+00
2.030000e+01  1.003157e+00
2.040000e+01  1.002668e+00
2.050000e+01  1.002803e+00
2.060000e+01  1.001826e+00
2.070000e+01  1.001576e+00
2.080000e+01  1.000353e+00
2.090000e+01  1.000006e+00
2.100000e+01  9.988395e-01
2.110000e+01  9.986816e-01
2.120000e+01  9.978186e-01
2.130000e+01  9.980379e-01
2.140000e+01  9.975912e-01
2.150000e+01  9.982226e-01
2.160000e+01  9.981491e-01
2.170000e+01  9.990808e-01
2.180000e+01  9.992134e-01
2.190000e+01  1.000242e+00
2.200000e+01  1.000361e+00
2.210000e+01  1.001273e+00
2.220000e+01  1.001189e+00
2.230000e+01  1.001833e+00
2.240000e+01  1.001446e+00
2.250000e+01  1.001780e+00
2.260000e+01  1.001107e+00
2.270000e+01  1.001199e+00
2.280000e+01  1.000351e+00
2.290000e+01  1.000342e+00
2.300000e+01  9.994759e-01
2.310000e+01  9.995255e-01
2.320000e+01  9.987868e-01
2.330000e+01  9.990159e-01
2.340000e+01  9.984926e-01
2.350000e+01  9.989506e-01
2.360000e+01  9.986509e-01
2.370000e+01  9.993076e-01
2.380000e+01  9.991672e-01
2.390000e+01  9.999319e-01
2.400000e+01  9.998424e-01
2.410000e+01  1.000599e+00
2.420000e+01  1.000447e+00
2.430000e+01  1.001094e+00
2.440000e+01  1.000795e+00
2.450000e+01  1.001272e+00
2.460000e+01  1.000796e+00
2.470000e+01  1.001102e+00
2.480000e+01  1.000474e+00
2.490000e+01  1.000656e+00
2.500000e+01  9.999446e-01
2.510000e+01  1.000087e+00
2.520000e+01  9.993818e-01
2.530000e+01  9.995743e-01
2.540000e+01  9.989588e-01
2.550000e+01  9.992731e-01
