0.000000e+00  1.006418e-06
1.000000e-01  7.653167e-07
2.000000e-01  5.219152e-07
3.000000e-01  3.465595e-07
4.000000e-01  2.249161e-07
5.000000e-01  1.359045e-07
6.000000e-01  8.045804e-08
7.000000e-01  4.439272e-08
8.000000e-01  2.438779e-08
9.000000e-01  1.293060e-08
1.000000e+00  7.066837e-09
1.100000e+00  3.823698e-09
1.200000e+00  2.212123e-09
1.300000e+00  1.317870e-09
1.400000e+00  8.383507e-10
1.500000e+00  5.492778e-10
1.600000e+00  3.724751e-10
1.700000e+00  2.510073e-10
1.800000e+00  1.729808e-10
1.900000e+00  1.201688e-10
2.000000e+00  5.915431e+00
2.100000e+00  4.033721e+00
2.200000e+00  2.863029e+00
2.300000e+00  2.072012e+00
2.400000e+00  1.524874e+00
2.500000e+00  1.199741e+00
2.600000e+00  8.723470e-01
2.700000e+00  6.477699e-01
2.800000e+00  5.200373e-01
2.900000e+00  4.137274e-01
3.000000e+00  3.776693e-01
3.100000e+00  3.371282e-01
3.200000e+00  3.728206e-01
3.300000e+00  4.158582e-01
3.400000e+00  4.877885e-01
3.500000e+00  5.542220e-01
3.600000e+00  6.995501e-01
3.700000e+00  8.331848e-01
3.800000e+00  1.041643e+00
3.900000e+00  1.171743e+00
4.000000e+00  1.570440e+00
4.100000e+00  1.897732e+00
4.200000e+00  1.813571e+00
4.300000e+00  1.647162e+00
4.400000e+00  1.416255e+00
4.500000e+00  1.212090e+00
4.600000e+00  1.026248e+00
4.700000e+00  8.830883e-01
4.800000e+00  7.688527e-01
4.900000e+00  6.930557e-01
5.000000e+00  6.420532e-01
5.100000e+00  6.223364e-01
5.200000e+00  6.238580e-01
5.300000e+00  6.550811e-01
5.400000e+00  7.059524e-01
5.500000e+00  7.855056e-01
5.600000e+00  8.782937e-01
5.700000e+00  9.889160e-01
5.800000e+00  1.099003e+00
5.900000e+00  1.207191e+00
6.000000e+00  1.292717e+00
6.100000e+00  1.356421e+00
6.200000e+00  1.359354e+00
6.300000e+00  1.313441e+00
6.400000e+00  1.229043e+00
6.500000e+00  1.133194e+00
6.600000e+00  1.034513e+00
6.700000e+00  9.486341e-01
6.800000e+00  8.759425e-01
6.900000e+00  8.240102e-01
7.000000e+00  7.892308e-01
7.100000e+00  7.760935e-01
7.200000e+00  7.794309e-01
7.300000e+00  8.027361e-01
7.400000e+00  8.394635e-01
7.500000e+00  8.919200e-01
7.600000e+00  9.509505e-01
7.700000e+00  1.016705e+00
7.800000e+00  1.077265e+00
7.900000e+00  1.131770e+00
8.000000e+00  1.168457e+00
8.100000e+00  1.188688e+00
8.200000e+00  1.184574e+00
8.300000e+00  1.162097e+00
8.400000e+00  1.121047e+00
8.500000e+00  1.072538e+00
8.600000e+00  1.019163e+00
8.700000e+00  9.705839e-01
8.800000e+00  9.274230e-01
8.900000e+00  8.960556e-01
9.000000e+00  8.747166e-01
9.100000e+00  8.674214e-01
9.200000e+00  8.706581e-01
9.300000e+00  8.869348e-01
9.400000e+00  9.111647e-01
9.500000e+00  9.445698e-01
9.600000e+00  9.804494e-01
9.700000e+00  1.019004e+00
9.800000e+00  1.052612e+00
9.900000e+00  1.081592e+00
1.000000e+01  1.099208e+00
1.010000e+01  1.107587e+00
1.020000e+01  1.102604e+00
1.030000e+01  1.088964e+00
1.040000e+01  1.065391e+00
1.050000e+01  1.038336e+00
1.060000e+01  1.007858e+00
1.070000e+01  9.801961e-01
1.080000e+01  9.549216e-01
1.090000e+01  9.369135e-01
1.100000e+01  9.245215e-01
1.110000e+01  9.211754e-01
1.120000e+01  9.239568e-01
1.130000e+01  9.350943e-01
1.140000e+01  9.504902e-01
1.150000e+01  9.714361e-01
1.160000e+01  9.929019e-01
1.170000e+01  1.015706e+00
1.180000e+01  1.034561e+00
1.190000e+01  1.050630e+00
1.200000e+01  1.059382e+00
1.210000e+01  1.063157e+00
1.220000e+01  1.058915e+00
1.230000e+01  1.050386e+00
1.240000e+01  1.035942e+00
1.250000e+01  1.020143e+00
1.260000e+01  1.002018e+00
1.270000e+01  9.860700e-01
1.280000e+01  9.711455e-01
1.290000e+01  9.610654e-01
1.300000e+01  9.539989e-01
1.310000e+01  9.528881e-01
1.320000e+01  9.550758e-01
1.330000e+01  9.626908e-01
1.340000e+01  9.723058e-01
1.350000e+01  9.854541e-01
1.360000e+01  9.981926e-01
1.370000e+01  1.011847e+00
1.380000e+01  1.022438e+00
1.390000e+01  1.031602e+00
1.400000e+01  1.035886e+00
1.410000e+01  1.037650e+00
1.420000e+01  1.034301e+00
1.430000e+01  1.028974e+00
1.440000e+01  1.019843e+00
1.450000e+01  1.010486e+00
1.460000e+01  9.994302e-01
1.470000e+01  9.902249e-01
1.480000e+01  9.812963e-01
1.490000e+01  9.758014e-01
1.500000e+01  9.717593e-01
1.510000e+01  9.717823e-01
1.520000e+01  9.733665e-01
1.530000e+01  9.786048e-01
1.540000e+01  9.845182e-01
1.550000e+01  9.928429e-01
1.560000e+01  1.000323e+00
1.570000e+01  1.008611e+00
1.580000e+01  1.014485e+00
1.590000e+01  1.019828e+00
1.600000e+01  1.021766e+00
1.610000e+01  1.022622e+00
1.620000e+01  1.020027e+00
1.630000e+01  1.016747e+00
1.640000e+01  1.010844e+00
1.650000e+01  1.005331e+00
1.660000e+01  9.984633e-01
1.670000e+01  9.932295e-01
1.680000e+01  9.878155e-01
1.690000e+01  9.849677e-01
1.700000e+01  9.826168e-01
1.710000e+01  9.831679e-01
1.720000e+01  9.842243e-01
1.730000e+01  9.878684e-01
1.740000e+01  9.914191e-01
1.750000e+01  9.967525e-01
1.760000e+01  1.001043e+00
1.770000e+01  1.006142e+00
1.780000e+01  1.009274e+00
1.790000e+01  1.012451e+00
1.800000e+01  1.013124e+00
1.810000e+01  1.013574e+00
1.820000e+01  1.011552e+00
1.830000e+01  1.009595e+00
1.840000e+01  1.005700e+00
1.850000e+01  1.002539e+00
1.860000e+01  9.982120e-01
1.870000e+01  9.953655e-01
1.880000e+01  9.920466e-01
1.890000e+01  9.907464e-01
1.900000e+01  9.893482e-01
1.910000e+01  9.901289e-01
1.920000e+01  9.907695e-01
1.930000e+01  9.933508e-01
1.940000e+01  9.953882e-01
1.950000e+01  9.988485e-01
1.960000e+01  1.001177e+00
1.970000e+01  1.004344e+00
1.980000e+01  1.005845e+00
1.990000e+01  1.007759e+00
2.000000e+01  1.007729e+00
2.010000e+01  1.008001e+00
2.020000e+01  1.006395e+00
2.030000e+01  1.005304e+00
2.040000e+01  1.002685e+00
2.050000e+01  1.001000e+00
2.060000e+01  9.982567e-01
2.070000e+01  9.968872e-01
2.080000e+01  9.948551e-01
2.090000e+01  9.944907e-01
2.100000e+01  9.936501e-01
2.110000e+01  9.945302e-01
2.120000e+01  9.948642e-01
2.130000e+01  9.967354e-01
2.140000e+01  9.977860e-01
2.150000e+01  1.000043e+00
2.160000e+01  1.001124e+00
2.170000e+01  1.003073e+00
2.180000e+01  1.003553e+00
2.190000e+01  1.004686e+00
2.200000e+01  1.004232e+00
2.210000e+01  1.004414e+00
2.220000e+01  1.003095e+00
2.230000e+01  1.002578e+00
2.240000e+01  1.000795e+00
2.250000e+01  1.000075e+00
2.260000e+01  9.983650e-01
2.270000e+01  9.979625e-01
2.280000e+01  9.967723e-01
2.290000e+01  9.970215e-01
2.300000e+01  9.965427e-01
2.310000e+01  9.974825e-01
2.320000e+01  9.976028e-01
2.330000e+01  9.989919e-01
2.340000e+01  9.993703e-01
2.350000e+01  1.000811e+00
2.360000e+01  1.001038e+00
2.370000e+01  1.002154e+00
2.380000e+01  1.001927e+00
2.390000e+01  1.002518e+00
2.400000e+01  1.001761e+00
2.410000e+01  1.001873e+00
2.420000e+01  1.000743e+00
2.430000e+01  1.000624e+00
2.440000e+01  9.994262e-01
2.450000e+01  9.993984e-01
2.460000e+01  9.984360e-01
2.470000e+01  9.987492e-01
2.480000e+01  9.981901e-01
2.490000e+01  9.989160e-01
2.500000e+01  9.987285e-01
2.510000e+01  9.997409e-01
2.520000e+01  9.997203e-01
2.530000e+01  1.000764e+00
2.540000e+01  1.000636e+00
2.550000e+01  1.001451e+00
