0.000000e+00  7.124475e-10
1.000000e-01  7.064431e-10
2.000000e-01  6.980845e-10
3.000000e-01  6.904866e-10
4.000000e-01  6.831294e-10
5.000000e-01  6.759818e-10
6.000000e-01  6.691942e-10
7.000000e-01  6.626888e-10
8.000000e-01  6.565883e-10
9.000000e-01  6.508381e-10
1.000000e+00  6.455339e-10
1.100000e+00  6.405733e-10
1.200000e+00  6.360660e-10
1.300000e+00  6.319200e-10
1.400000e+00  6.282054e-10
1.500000e+00  6.248331e-10
1.600000e+00  6.217870e-10
1.700000e+00  6.189624e-10
1.800000e+00  6.164531e-10
1.900000e+00  6.142002e-10
2.000000e+00  1.951784e+00
2.100000e+00  1.813510e+00
2.200000e+00  1.692479e+00
2.300000e+00  1.581143e+00
2.400000e+00  1.481920e+00
2.500000e+00  1.394485e+00
2.600000e+00  1.311799e+00
2.700000e+00  1.234510e+00
2.800000e+00  1.170140e+00
2.900000e+00  1.107948e+00
3.000000e+00  1.058713e+00
3.100000e+00  1.009745e+00
3.200000e+00  9.748935e-01
3.300000e+00  9.443487e-01
3.400000e+00  9.216622e-01
3.500000e+00  9.011161e-01
3.600000e+00  8.918596e-01
3.700000e+00  8.856231e-01
3.800000e+00  8.899022e-01
3.900000e+00  8.932452e-01
4.000000e+00  9.179415e-01
4.100000e+00  9.559518e-01
4.200000e+00  9.804938e-01
4.300000e+00  1.002360e+00
4.400000e+00  1.015696e+00
4.500000e+00  1.026510e+00
4.600000e+00  1.031380e+00
4.700000e+00  1.034577e+00
4.800000e+00  1.033687e+00
4.900000e+00  1.032040e+00
5.000000e+00  1.027768e+00
5.100000e+00  1.023492e+00
5.200000e+00  1.017690e+00
5.300000e+00  1.012548e+00
5.400000e+00  1.006742e+00
5.500000e+00  1.002109e+00
5.600000e+00  9.974375e-01
5.700000e+00  9.942056e-01
5.800000e+00  9.913079e-01
5.900000e+00  9.899680e-01
6.000000e+00  9.890896e-01
6.100000e+00  9.898069e-01
6.200000e+00  9.907980e-01
6.300000e+00  9.927057e-01
6.400000e+00  9.943699e-01
6.500000e+00  9.964818e-01
6.600000e+00  9.980565e-01
6.700000e+00  9.998125e-01
6.800000e+00  1.000905e+00
6.900000e+00  1.002062e+00
7.000000e+00  1.002547e+00
7.100000e+00  1.003084e+00
7.200000e+00  1.003017e+00
7.300000e+00  1.003049e+00
7.400000e+00  1.002585e+00
7.500000e+00  1.002299e+00
7.600000e+00  1.001635e+00
7.700000e+00  1.001231e+00
7.800000e+00  1.000555e+00
7.900000e+00  1.000201e+00
8.000000e+00  9.996532e-01
8.100000e+00  9.994604e-01
8.200000e+00  9.991153e-01
8.300000e+00  9.991188e-01
8.400000e+00  9.989687e-01
8.500000e+00  9.991312e-01
8.600000e+00  9.991181e-01
8.700000e+00  9.993724e-01
8.800000e+00  9.994253e-01
8.900000e+00  9.997042e-01
9.000000e+00  9.997619e-01
9.100000e+00  1.000014e+00
9.200000e+00  1.000036e+00
9.300000e+00  1.000233e+00
9.400000e+00  1.000201e+00
9.500000e+00  1.000336e+00
9.600000e+00  1.000251e+00
9.700000e+00  1.000333e+00
9.800000e+00  1.000210e+00
9.900000e+00  1.000259e+00
1.000000e+01  1.000118e+00
1.010000e+01  1.000154e+00
1.020000e+01  1.000015e+00
1.030000e+01  1.000054e+00
1.040000e+01  9.999299e-01
1.050000e+01  9.999836e-01
1.060000e+01  9.998799e-01
1.070000e+01  9.999500e-01
1.080000e+01  9.998660e-01
1.090000e+01  9.999496e-01
1.100000e+01  9.998803e-01
1.110000e+01  9.999716e-01
1.120000e+01  9.999104e-01
1.130000e+01  1.000003e+00
1.140000e+01  9.999438e-01
1.150000e+01  1.000033e+00
1.160000e+01  9.999715e-01
1.170000e+01  1.000054e+00
1.180000e+01  9.999884e-01
1.190000e+01  1.000064e+00
1.200000e+01  9.999939e-01
1.210000e+01  1.000063e+00
1.220000e+01  9.999904e-01
1.230000e+01  1.000055e+00
1.240000e+01  9.999818e-01
1.250000e+01  1.000044e+00
1.260000e+01  9.999721e-01
1.270000e+01  1.000034e+00
1.280000e+01  9.999642e-01
1.290000e+01  1.000026e+00
1.300000e+01  9.999596e-01
1.310000e+01  1.000023e+00
1.320000e+01  9.999586e-01
1.330000e+01  1.000022e+00
1.340000e+01  9.999603e-01
1.350000e+01  1.000024e+00
1.360000e+01  9.999637e-01
1.370000e+01  1.000027e+00
1.380000e+01  9.999674e-01
1.390000e+01  1.000029e+00
1.400000e+01  9.999705e-01
1.410000e+01  1.000031e+00
1.420000e+01  9.999725e-01
1.430000e+01  1.000032e+00
1.440000e+01  9.999733e-01
1.450000e+01  1.000032e+00
1.460000e+01  9.999733e-01
1.470000e+01  1.000031e+00
1.480000e+01  9.999727e-01
1.490000e+01  1.000029e+00
1.500000e+01  9.999720e-01
1.510000e+01  1.000028e+00
1.520000e+01  9.999714e-01
1.530000e+01  1.000027e+00
1.540000e+01  9.999712e-01
1.550000e+01  1.000026e+00
1.560000e+01  9.999713e-01
1.570000e+01  1.000026e+00
1.580000e+01  9.999717e-01
1.590000e+01  1.000026e+00
1.600000e+01  9.999722e-01
1.610000e+01  1.000026e+00
1.620000e+01  9.999728e-01
1.630000e+01  1.000026e+00
1.640000e+01  9.999733e-01
1.650000e+01  1.000026e+00
1.660000e+01  9.999737e-01
1.670000e+01  1.000026e+00
1.680000e+01  9.999739e-01
1.690000e+01  1.000026e+00
1.700000e+01  9.999741e-01
1.710000e+01  1.000026e+00
1.720000e+01  9.999742e-01
1.730000e+01  1.000025e+00
1.740000e+01  9.999743e-01
1.750000e+01  1.000025e+00
1.760000e+01  9.999743e-01
1.770000e+01  1.000025e+00
1.780000e+01  9.999745e-01
1.790000e+01  1.000025e+00
1.800000e+01  9.999746e-01
1.810000e+01  1.000024e+00
1.820000e+01  9.999748e-01
1.830000e+01  1.000024e+00
1.840000e+01  9.999749e-01
1.850000e+01  1.000024e+00
1.860000e+01  9.999751e-01
1.870000e+01  1.000024e+00
1.880000e+01  9.999753e-01
1.890000e+01  1.000024e+00
1.900000e+01  9.999754e-01
1.910000e+01  1.000024e+00
1.920000e+01  9.999755e-01
1.930000e+01  1.000024e+00
1.940000e+01  9.999757e-01
1.950000e+01  1.000024e+00
1.960000e+01  9.999758e-01
1.970000e+01  1.000024e+00
1.980000e+01  9.999758e-01
1.990000e+01  1.000023e+00
2.000000e+01  9.999759e-01
2.010000e+01  1.000023e+00
2.020000e+01  9.999760e-01
2.030000e+01  1.000023e+00
2.040000e+01  9.999761e-01
2.050000e+01  1.000023e+00
2.060000e+01  9.999762e-01
2.070000e+01  1.000023e+00
2.080000e+01  9.999763e-01
2.090000e+01  1.000023e+00
2.100000e+01  9.999764e-01
2.110000e+01  1.000023e+00
2.120000e+01  9.999764e-01
2.130000e+01  1.000023e+00
2.140000e+01  9.999765e-01
2.150000e+01  1.000023e+00
2.160000e+01  9.999766e-01
2.170000e+01  1.000023e+00
2.180000e+01  9.999766e-01
2.190000e+01  1.000023e+00
2.200000e+01  9.999767e-01
2.210000e+01  1.000023e+00
2.220000e+01  9.999768e-01
2.230000e+01  1.000022e+00
2.240000e+01  9.999768e-01
2.250000e+01  1.000022e+00
2.260000e+01  9.999769e-01
2.270000e+01  1.000022e+00
2.280000e+01  9.999769e-01
2.290000e+01  1.000022e+00
2.300000e+01  9.999769e-01
2.310000e+01  1.000022e+00
2.320000e+01  9.999770e-01
2.330000e+01  1.000022e+00
2.340000e+01  9.999770e-01
2.350000e+01  1.000022e+00
2.360000e+01  9.999770e-01
2.370000e+01  1.000022e+00
2.380000e+01  9.999771e-01
2.390000e+01  1.000022e+00
2.400000e+01  9.999771e-01
2.410000e+01  1.000022e+00
2.420000e+01  9.999771e-01
2.430000e+01  1.000022e+00
2.440000e+01  9.999771e-01
2.450000e+01  1.000022e+00
2.460000e+01  9.999772e-01
2.470000e+01  1.000022e+00
2.480000e+01  9.999772e-01
2.490000e+01  1.000022e+00
2.500000e+01  9.999772e-01
2.510000e+01  1.000022e+00
2.520000e+01  9.999772e-01
2.530000e+01  1.000022e+00
2.540000e+01  9.999772e-01
2.550000e+01  1.000022e+00
