0.000000e+00  1.128035e-08
1.000000e-01  9.720561e-09
2.000000e-01  7.860725e-09
3.000000e-01  6.368757e-09
4.000000e-01  5.135371e-09
5.000000e-01  4.085497e-09
6.000000e-01  3.255102e-09
7.000000e-01  2.579472e-09
8.000000e-01  2.068327e-09
9.000000e-01  1.674431e-09
1.000000e+00  1.387848e-09
1.100000e+00  1.171353e-09
1.200000e+00  1.019188e-09
1.300000e+00  9.072529e-10
1.400000e+00  8.287136e-10
1.500000e+00  7.709287e-10
1.600000e+00  7.289989e-10
1.700000e+00  6.962994e-10
1.800000e+00  6.725403e-10
1.900000e+00  6.543676e-10
2.000000e+00  3.972203e+00
2.100000e+00  3.149877e+00
2.200000e+00  2.552661e+00
2.300000e+00  2.079500e+00
2.400000e+00  1.717204e+00
2.500000e+00  1.451733e+00
2.600000e+00  1.209075e+00
2.700000e+00  1.011172e+00
2.800000e+00  8.770272e-01
2.900000e+00  7.556653e-01
3.000000e+00  6.866022e-01
3.100000e+00  6.166207e-01
3.200000e+00  5.996429e-01
3.300000e+00  5.922187e-01
3.400000e+00  6.050128e-01
3.500000e+00  6.193431e-01
3.600000e+00  6.735600e-01
3.700000e+00  7.307268e-01
3.800000e+00  8.257362e-01
3.900000e+00  9.024079e-01
4.000000e+00  1.090120e+00
4.100000e+00  1.295499e+00
4.200000e+00  1.355415e+00
4.300000e+00  1.370175e+00
4.400000e+00  1.324723e+00
4.500000e+00  1.267925e+00
4.600000e+00  1.191514e+00
4.700000e+00  1.120919e+00
4.800000e+00  1.048470e+00
4.900000e+00  9.890160e-01
5.000000e+00  9.350372e-01
5.100000e+00  8.955459e-01
5.200000e+00  8.641063e-01
5.300000e+00  8.476429e-01
5.400000e+00  8.400142e-01
5.500000e+00  8.469407e-01
5.600000e+00  8.618182e-01
5.700000e+00  8.887395e-01
5.800000e+00  9.211895e-01
5.900000e+00  9.617684e-01
6.000000e+00  1.002905e+00
6.100000e+00  1.047044e+00
6.200000e+00  1.080629e+00
6.300000e+00  1.103631e+00
6.400000e+00  1.110653e+00
6.500000e+00  1.107525e+00
6.600000e+00  1.092798e+00
6.700000e+00  1.073414e+00
6.800000e+00  1.048647e+00
6.900000e+00  1.024524e+00
7.000000e+00  9.998913e-01
7.100000e+00  9.794856e-01
7.200000e+00  9.615201e-01
7.300000e+00  9.496212e-01
7.400000e+00  9.414662e-01
7.500000e+00  9.398405e-01
7.600000e+00  9.419179e-01
7.700000e+00  9.497717e-01
7.800000e+00  9.600549e-01
7.900000e+00  9.742582e-01
8.000000e+00  9.886181e-01
8.100000e+00  1.004267e+00
8.200000e+00  1.017288e+00
8.300000e+00  1.028765e+00
8.400000e+00  1.035400e+00
8.500000e+00  1.039163e+00
8.600000e+00  1.037891e+00
8.700000e+00  1.034345e+00
8.800000e+00  1.027129e+00
8.900000e+00  1.019270e+00
9.000000e+00  1.009624e+00
9.100000e+00  1.001058e+00
9.200000e+00  9.923468e-01
9.300000e+00  9.859861e-01
9.400000e+00  9.805097e-01
9.500000e+00  9.779971e-01
9.600000e+00  9.766948e-01
9.700000e+00  9.782963e-01
9.800000e+00  9.807801e-01
9.900000e+00  9.855337e-01
1.000000e+01  9.903485e-01
1.010000e+01  9.964376e-01
1.020000e+01  1.001554e+00
1.030000e+01  1.006909e+00
1.040000e+01  1.010410e+00
1.050000e+01  1.013454e+00
1.060000e+01  1.014259e+00
1.070000e+01  1.014482e+00
1.080000e+01  1.012661e+00
1.090000e+01  1.010633e+00
1.100000e+01  1.007143e+00
1.110000e+01  1.004072e+00
1.120000e+01  1.000226e+00
1.130000e+01  9.974078e-01
1.140000e+01  9.943738e-01
1.150000e+01  9.927709e-01
1.160000e+01  9.912489e-01
1.170000e+01  9.912773e-01
1.180000e+01  9.913859e-01
1.190000e+01  9.928885e-01
1.200000e+01  9.942232e-01
1.210000e+01  9.966015e-01
1.220000e+01  9.984286e-01
1.230000e+01  1.000886e+00
1.240000e+01  1.002417e+00
1.250000e+01  1.004243e+00
1.260000e+01  1.004907e+00
1.270000e+01  1.005711e+00
1.280000e+01  1.005322e+00
1.290000e+01  1.005119e+00
1.300000e+01  1.003875e+00
1.310000e+01  1.003011e+00
1.320000e+01  1.001359e+00
1.330000e+01  1.000332e+00
1.340000e+01  9.987717e-01
1.350000e+01  9.980423e-01
1.360000e+01  9.969590e-01
1.370000e+01  9.968132e-01
1.380000e+01  9.963759e-01
1.390000e+01  9.968649e-01
1.400000e+01  9.970108e-01
1.410000e+01  9.979739e-01
1.420000e+01  9.984639e-01
1.430000e+01  9.996114e-01
1.440000e+01  1.000133e+00
1.450000e+01  1.001159e+00
1.460000e+01  1.001439e+00
1.470000e+01  1.002125e+00
1.480000e+01  1.002015e+00
1.490000e+01  1.002288e+00
1.500000e+01  1.001791e+00
1.510000e+01  1.001725e+00
1.520000e+01  1.000973e+00
1.530000e+01  1.000740e+00
1.540000e+01  9.999263e-01
1.550000e+01  9.997221e-01
1.560000e+01  9.990276e-01
1.570000e+01  9.990056e-01
1.580000e+01  9.985443e-01
1.590000e+01  9.987732e-01
1.600000e+01  9.985656e-01
1.610000e+01  9.990213e-01
1.620000e+01  9.990037e-01
1.630000e+01  9.995920e-01
1.640000e+01  9.996496e-01
1.650000e+01  1.000247e+00
1.660000e+01  1.000260e+00
1.670000e+01  1.000761e+00
1.680000e+01  1.000642e+00
1.690000e+01  1.000987e+00
1.700000e+01  1.000709e+00
1.710000e+01  1.000898e+00
1.720000e+01  1.000490e+00
1.730000e+01  1.000575e+00
1.740000e+01  1.000103e+00
1.750000e+01  1.000160e+00
1.760000e+01  9.997012e-01
1.770000e+01  9.998026e-01
1.780000e+01  9.994178e-01
1.790000e+01  9.996090e-01
1.800000e+01  9.993259e-01
1.810000e+01  9.996156e-01
1.820000e+01  9.994246e-01
1.830000e+01  9.997877e-01
1.840000e+01  9.996514e-01
1.850000e+01  1.000043e+00
1.860000e+01  9.999123e-01
1.870000e+01  1.000284e+00
1.880000e+01  1.000117e+00
1.890000e+01  1.000436e+00
1.900000e+01  1.000209e+00
1.910000e+01  1.000463e+00
1.920000e+01  1.000176e+00
1.930000e+01  1.000376e+00
1.940000e+01  1.000049e+00
1.950000e+01  1.000221e+00
1.960000e+01  9.998847e-01
1.970000e+01  1.000061e+00
1.980000e+01  9.997425e-01
1.990000e+01  9.999461e-01
2.000000e+01  9.996650e-01
2.010000e+01  9.999075e-01
2.020000e+01  9.996671e-01
2.030000e+01  9.999450e-01
2.040000e+01  9.997353e-01
2.050000e+01  1.000034e+00
2.060000e+01  9.998373e-01
2.070000e+01  1.000138e+00
2.080000e+01  9.999347e-01
2.090000e+01  1.000220e+00
2.100000e+01  9.999970e-01
2.110000e+01  1.000258e+00
2.120000e+01  1.000010e+00
2.130000e+01  1.000245e+00
2.140000e+01  9.999773e-01
2.150000e+01  1.000196e+00
2.160000e+01  9.999169e-01
2.170000e+01  1.000130e+00
2.180000e+01  9.998527e-01
2.190000e+01  1.000071e+00
2.200000e+01  9.998057e-01
2.210000e+01  1.000038e+00
2.220000e+01  9.997883e-01
2.230000e+01  1.000036e+00
2.240000e+01  9.998013e-01
2.250000e+01  1.000061e+00
2.260000e+01  9.998358e-01
2.270000e+01  1.000100e+00
2.280000e+01  9.998776e-01
2.290000e+01  1.000140e+00
2.300000e+01  9.999127e-01
2.310000e+01  1.000167e+00
2.320000e+01  9.999314e-01
2.330000e+01  1.000176e+00
2.340000e+01  9.999306e-01
2.350000e+01  1.000166e+00
2.360000e+01  9.999137e-01
2.370000e+01  1.000144e+00
2.380000e+01  9.998881e-01
2.390000e+01  1.000117e+00
2.400000e+01  9.998628e-01
2.410000e+01  1.000094e+00
2.420000e+01  9.998449e-01
2.430000e+01  1.000082e+00
2.440000e+01  9.998385e-01
2.450000e+01  1.000081e+00
2.460000e+01  9.998437e-01
2.470000e+01  1.000091e+00
2.480000e+01  9.998577e-01
2.490000e+01  1.000108e+00
2.500000e+01  9.998760e-01
2.510000e+01  1.000126e+00
2.520000e+01  9.998934e-01
2.530000e+01  1.000141e+00
2.540000e+01  9.999057e-01
2.550000e+01  1.000150e+00
