0.000000e+00  3.221949e-06
1.000000e-01  2.376402e-06
2.000000e-01  1.559620e-06
3.000000e-01  9.856009e-07
4.000000e-01  6.061111e-07
5.000000e-01  3.403294e-07
6.000000e-01  1.863996e-07
7.000000e-01  9.321960e-08
8.000000e-01  4.647061e-08
9.000000e-01  2.219691e-08
1.000000e+00  1.109227e-08
1.100000e+00  5.519733e-09
1.200000e+00  3.007856e-09
1.300000e+00  1.713070e-09
1.400000e+00  1.057649e-09
1.500000e+00  6.773121e-10
1.600000e+00  4.493451e-10
1.700000e+00  2.959224e-10
1.800000e+00  1.985876e-10
1.900000e+00  1.343835e-10
2.000000e+00  6.370888e+00
2.100000e+00  4.192363e+00
2.200000e+00  2.882898e+00
2.300000e+00  2.032650e+00
2.400000e+00  1.454075e+00
2.500000e+00  1.128779e+00
2.600000e+00  7.872921e-01
2.700000e+00  5.649986e-01
2.800000e+00  4.436591e-01
2.900000e+00  3.460887e-01
3.000000e+00  3.192902e-01
3.100000e+00  2.876829e-01
3.200000e+00  3.355970e-01
3.300000e+00  3.904567e-01
3.400000e+00  4.782159e-01
3.500000e+00  5.575499e-01
3.600000e+00  7.288779e-01
3.700000e+00  8.808174e-01
3.800000e+00  1.118910e+00
3.900000e+00  1.254075e+00
4.000000e+00  1.708471e+00
4.100000e+00  2.047991e+00
4.200000e+00  1.900455e+00
4.300000e+00  1.671179e+00
4.400000e+00  1.391343e+00
4.500000e+00  1.154355e+00
4.600000e+00  9.508107e-01
4.700000e+00  7.995841e-01
4.800000e+00  6.852147e-01
4.900000e+00  6.140031e-01
5.000000e+00  5.711466e-01
5.100000e+00  5.624866e-01
5.200000e+00  5.775951e-01
5.300000e+00  6.259855e-01
5.400000e+00  6.967625e-01
5.500000e+00  8.001677e-01
5.600000e+00  9.170930e-01
5.700000e+00  1.051537e+00
5.800000e+00  1.180418e+00
5.900000e+00  1.300245e+00
6.000000e+00  1.386876e+00
6.100000e+00  1.440960e+00
6.200000e+00  1.417468e+00
6.300000e+00  1.336566e+00
6.400000e+00  1.217655e+00
6.500000e+00  1.093772e+00
6.600000e+00  9.756124e-01
6.700000e+00  8.786455e-01
6.800000e+00  8.021571e-01
6.900000e+00  7.524568e-01
7.000000e+00  7.247263e-01
7.100000e+00  7.229331e-01
7.200000e+00  7.409731e-01
7.300000e+00  7.823812e-01
7.400000e+00  8.391313e-01
7.500000e+00  9.131373e-01
7.600000e+00  9.923291e-01
7.700000e+00  1.075550e+00
7.800000e+00  1.147243e+00
7.900000e+00  1.205751e+00
8.000000e+00  1.237303e+00
8.100000e+00  1.244697e+00
8.200000e+00  1.220800e+00
8.300000e+00  1.175114e+00
8.400000e+00  1.110601e+00
8.500000e+00  1.041825e+00
8.600000e+00  9.730814e-01
8.700000e+00  9.150046e-01
8.800000e+00  8.680326e-01
8.900000e+00  8.382691e-01
9.000000e+00  8.231076e-01
9.100000e+00  8.261740e-01
9.200000e+00  8.428634e-01
9.300000e+00  8.752454e-01
9.400000e+00  9.165462e-01
9.500000e+00  9.671471e-01
9.600000e+00  1.017927e+00
9.700000e+00  1.068065e+00
9.800000e+00  1.107660e+00
9.900000e+00  1.136897e+00
1.000000e+01  1.148258e+00
1.010000e+01  1.145370e+00
1.020000e+01  1.125097e+00
1.030000e+01  1.094640e+00
1.040000e+01  1.054397e+00
1.050000e+01  1.012966e+00
1.060000e+01  9.714117e-01
1.070000e+01  9.369519e-01
1.080000e+01  9.091394e-01
1.090000e+01  8.929615e-01
1.100000e+01  8.861023e-01
1.110000e+01  8.917199e-01
1.120000e+01  9.057882e-01
1.130000e+01  9.300097e-01
1.140000e+01  9.586984e-01
1.150000e+01  9.923890e-01
1.160000e+01  1.024183e+00
1.170000e+01  1.054305e+00
1.180000e+01  1.076022e+00
1.190000e+01  1.090743e+00
1.200000e+01  1.093607e+00
1.210000e+01  1.088270e+00
1.220000e+01  1.072407e+00
1.230000e+01  1.051580e+00
1.240000e+01  1.025159e+00
1.250000e+01  9.992361e-01
1.260000e+01  9.734125e-01
1.270000e+01  9.530186e-01
1.280000e+01  9.368223e-01
1.290000e+01  9.288548e-01
1.300000e+01  9.266691e-01
1.310000e+01  9.330222e-01
1.320000e+01  9.442161e-01
1.330000e+01  9.619391e-01
1.340000e+01  9.813984e-01
1.350000e+01  1.003604e+00
1.360000e+01  1.023210e+00
1.370000e+01  1.041296e+00
1.380000e+01  1.052928e+00
1.390000e+01  1.060157e+00
1.400000e+01  1.059353e+00
1.410000e+01  1.053982e+00
1.420000e+01  1.041901e+00
1.430000e+01  1.027629e+00
1.440000e+01  1.009925e+00
1.450000e+01  9.935298e-01
1.460000e+01  9.772586e-01
1.470000e+01  9.653481e-01
1.480000e+01  9.560535e-01
1.490000e+01  9.527606e-01
1.500000e+01  9.528897e-01
1.510000e+01  9.589465e-01
1.520000e+01  9.674884e-01
1.530000e+01  9.803092e-01
1.540000e+01  9.932982e-01
1.550000e+01  1.007901e+00
1.560000e+01  1.019801e+00
1.570000e+01  1.030645e+00
1.580000e+01  1.036534e+00
1.590000e+01  1.039837e+00
1.600000e+01  1.037534e+00
1.610000e+01  1.032881e+00
1.620000e+01  1.023750e+00
1.630000e+01  1.013995e+00
1.640000e+01  1.001983e+00
1.650000e+01  9.916433e-01
1.660000e+01  9.813220e-01
1.670000e+01  9.745846e-01
1.680000e+01  9.693681e-01
1.690000e+01  9.686498e-01
1.700000e+01  9.697802e-01
1.710000e+01  9.751335e-01
1.720000e+01  9.814822e-01
1.730000e+01  9.907498e-01
1.740000e+01  9.993213e-01
1.750000e+01  1.008968e+00
1.760000e+01  1.016038e+00
1.770000e+01  1.022527e+00
1.780000e+01  1.025142e+00
1.790000e+01  1.026397e+00
1.800000e+01  1.023592e+00
1.810000e+01  1.019803e+00
1.820000e+01  1.012874e+00
1.830000e+01  1.006224e+00
1.840000e+01  9.979674e-01
1.850000e+01  9.915270e-01
1.860000e+01  9.849546e-01
1.870000e+01  9.813943e-01
1.880000e+01  9.785893e-01
1.890000e+01  9.792646e-01
1.900000e+01  9.807468e-01
1.910000e+01  9.853494e-01
1.920000e+01  9.900174e-01
1.930000e+01  9.967892e-01
1.940000e+01  1.002395e+00
1.950000e+01  1.008831e+00
1.960000e+01  1.012869e+00
1.970000e+01  1.016715e+00
1.980000e+01  1.017434e+00
1.990000e+01  1.017604e+00
2.000000e+01  1.014696e+00
2.010000e+01  1.011653e+00
2.020000e+01  1.006287e+00
2.030000e+01  1.001734e+00
2.040000e+01  9.959444e-01
2.050000e+01  9.920191e-01
2.060000e+01  9.878254e-01
2.070000e+01  9.862409e-01
2.080000e+01  9.848892e-01
2.090000e+01  9.863402e-01
2.100000e+01  9.879155e-01
2.110000e+01  9.919027e-01
2.120000e+01  9.953709e-01
2.130000e+01  1.000446e+00
2.140000e+01  1.004088e+00
2.150000e+01  1.008440e+00
2.160000e+01  1.010543e+00
2.170000e+01  1.012729e+00
2.180000e+01  1.012279e+00
2.190000e+01  1.011805e+00
2.200000e+01  1.008876e+00
2.210000e+01  1.006349e+00
2.220000e+01  1.002011e+00
2.230000e+01  9.988212e-01
2.240000e+01  9.946289e-01
2.250000e+01  9.923322e-01
2.260000e+01  9.896806e-01
2.270000e+01  9.893823e-01
2.280000e+01  9.889818e-01
2.290000e+01  9.909497e-01
2.300000e+01  9.926000e-01
2.310000e+01  9.962050e-01
2.320000e+01  9.989084e-01
2.330000e+01  1.002894e+00
2.340000e+01  1.005263e+00
2.350000e+01  1.008255e+00
2.360000e+01  1.009074e+00
2.370000e+01  1.010142e+00
2.380000e+01  1.008869e+00
2.390000e+01  1.007904e+00
2.400000e+01  1.004879e+00
2.410000e+01  1.002612e+00
2.420000e+01  9.988787e-01
2.430000e+01  9.965448e-01
2.440000e+01  9.933943e-01
2.450000e+01  9.922056e-01
2.460000e+01  9.906466e-01
2.470000e+01  9.913162e-01
2.480000e+01  9.916919e-01
2.490000e+01  9.941722e-01
2.500000e+01  9.960434e-01
2.510000e+01  9.995571e-01
2.520000e+01  1.001880e+00
2.530000e+01  1.005228e+00
2.540000e+01  1.006770e+00
2.550000e+01  1.008817e+00
