0.000000e+00  1.487238e-09
1.000000e-01  1.404862e-09
2.000000e-01  1.297673e-09
3.000000e-01  1.205698e-09
4.000000e-01  1.122525e-09
5.000000e-01  1.046223e-09
6.000000e-01  9.790460e-10
7.000000e-01  9.188630e-10
8.000000e-01  8.670898e-10
9.000000e-01  8.220808e-10
1.000000e+00  7.842722e-10
1.100000e+00  7.517807e-10
1.200000e+00  7.251262e-10
1.300000e+00  7.027168e-10
1.400000e+00  6.845431e-10
1.500000e+00  6.694512e-10
1.600000e+00  6.570430e-10
1.700000e+00  6.463995e-10
1.800000e+00  6.377766e-10
1.900000e+00  6.305962e-10
2.000000e+00  2.844223e+00
2.100000e+00  2.462548e+00
2.200000e+00  2.156452e+00
2.300000e+00  1.892782e+00
2.400000e+00  1.674380e+00
2.500000e+00  1.496452e+00
2.600000e+00  1.333331e+00
2.700000e+00  1.189351e+00
2.800000e+00  1.080307e+00
2.900000e+00  9.781963e-01
3.000000e+00  9.075845e-01
3.100000e+00  8.375475e-01
3.200000e+00  7.999710e-01
3.300000e+00  7.704901e-01
3.400000e+00  7.560796e-01
3.500000e+00  7.446022e-01
3.600000e+00  7.568923e-01
3.700000e+00  7.734382e-01
3.800000e+00  8.119231e-01
3.900000e+00  8.450133e-01
4.000000e+00  9.311397e-01
4.100000e+00  1.039042e+00
4.200000e+00  1.095030e+00
4.300000e+00  1.134617e+00
4.400000e+00  1.144907e+00
4.500000e+00  1.145920e+00
4.600000e+00  1.130853e+00
4.700000e+00  1.112826e+00
4.800000e+00  1.086952e+00
4.900000e+00  1.062507e+00
5.000000e+00  1.035401e+00
5.100000e+00  1.012158e+00
5.200000e+00  9.892910e-01
5.300000e+00  9.718689e-01
5.400000e+00  9.566425e-01
5.500000e+00  9.476407e-01
5.600000e+00  9.416352e-01
5.700000e+00  9.416113e-01
5.800000e+00  9.445316e-01
5.900000e+00  9.526707e-01
6.000000e+00  9.628098e-01
6.100000e+00  9.770869e-01
6.200000e+00  9.907331e-01
6.300000e+00  1.004301e+00
6.400000e+00  1.014396e+00
6.500000e+00  1.022669e+00
6.600000e+00  1.026848e+00
6.700000e+00  1.029146e+00
6.800000e+00  1.027946e+00
6.900000e+00  1.025622e+00
7.000000e+00  1.020883e+00
7.100000e+00  1.016026e+00
7.200000e+00  1.009876e+00
7.300000e+00  1.004524e+00
7.400000e+00  9.987999e-01
7.500000e+00  9.945480e-01
7.600000e+00  9.905391e-01
7.700000e+00  9.883564e-01
7.800000e+00  9.866741e-01
7.900000e+00  9.868301e-01
8.000000e+00  9.873994e-01
8.100000e+00  9.895115e-01
8.200000e+00  9.916595e-01
8.300000e+00  9.947938e-01
8.400000e+00  9.974045e-01
8.500000e+00  1.000429e+00
8.600000e+00  1.002491e+00
8.700000e+00  1.004603e+00
8.800000e+00  1.005561e+00
8.900000e+00  1.006457e+00
9.000000e+00  1.006240e+00
9.100000e+00  1.006049e+00
9.200000e+00  1.004941e+00
9.300000e+00  1.004058e+00
9.400000e+00  1.002515e+00
9.500000e+00  1.001419e+00
9.600000e+00  9.999047e-01
9.700000e+00  9.990175e-01
9.800000e+00  9.978841e-01
9.900000e+00  9.974739e-01
1.000000e+01  9.968937e-01
1.010000e+01  9.970378e-01
1.020000e+01  9.969936e-01
1.030000e+01  9.975921e-01
1.040000e+01  9.979143e-01
1.050000e+01  9.987511e-01
1.060000e+01  9.991987e-01
1.070000e+01  1.000034e+00
1.080000e+01  1.000386e+00
1.090000e+01  1.001036e+00
1.100000e+01  1.001156e+00
1.110000e+01  1.001533e+00
1.120000e+01  1.001385e+00
1.130000e+01  1.001502e+00
1.140000e+01  1.001136e+00
1.150000e+01  1.001073e+00
1.160000e+01  1.000591e+00
1.170000e+01  1.000462e+00
1.180000e+01  9.999749e-01
1.190000e+01  9.998827e-01
1.200000e+01  9.994802e-01
1.210000e+01  9.994946e-01
1.220000e+01  9.992223e-01
1.230000e+01  9.993655e-01
1.240000e+01  9.992224e-01
1.250000e+01  9.994739e-01
1.260000e+01  9.994225e-01
1.270000e+01  9.997337e-01
1.280000e+01  9.997192e-01
1.290000e+01  1.000035e+00
1.300000e+01  1.000005e+00
1.310000e+01  1.000280e+00
1.320000e+01  1.000200e+00
1.330000e+01  1.000412e+00
1.340000e+01  1.000270e+00
1.350000e+01  1.000417e+00
1.360000e+01  1.000223e+00
1.370000e+01  1.000324e+00
1.380000e+01  1.000100e+00
1.390000e+01  1.000180e+00
1.400000e+01  9.999532e-01
1.410000e+01  1.000039e+00
1.420000e+01  9.998314e-01
1.430000e+01  9.999404e-01
1.440000e+01  9.997639e-01
1.450000e+01  9.999025e-01
1.460000e+01  9.997582e-01
1.470000e+01  9.999224e-01
1.480000e+01  9.998020e-01
1.490000e+01  9.999810e-01
1.500000e+01  9.998718e-01
1.510000e+01  1.000052e+00
1.520000e+01  9.999417e-01
1.530000e+01  1.000113e+00
1.540000e+01  9.999918e-01
1.550000e+01  1.000147e+00
1.560000e+01  1.000012e+00
1.570000e+01  1.000151e+00
1.580000e+01  1.000004e+00
1.590000e+01  1.000131e+00
1.600000e+01  9.999763e-01
1.610000e+01  1.000097e+00
1.620000e+01  9.999416e-01
1.630000e+01  1.000062e+00
1.640000e+01  9.999116e-01
1.650000e+01  1.000037e+00
1.660000e+01  9.998940e-01
1.670000e+01  1.000025e+00
1.680000e+01  9.998914e-01
1.690000e+01  1.000029e+00
1.700000e+01  9.999011e-01
1.710000e+01  1.000042e+00
1.720000e+01  9.999178e-01
1.730000e+01  1.000059e+00
1.740000e+01  9.999352e-01
1.750000e+01  1.000073e+00
1.760000e+01  9.999483e-01
1.770000e+01  1.000082e+00
1.780000e+01  9.999543e-01
1.790000e+01  1.000084e+00
1.800000e+01  9.999532e-01
1.810000e+01  1.000079e+00
1.820000e+01  9.999471e-01
1.830000e+01  1.000071e+00
1.840000e+01  9.999389e-01
1.850000e+01  1.000062e+00
1.860000e+01  9.999316e-01
1.870000e+01  1.000055e+00
1.880000e+01  9.999272e-01
1.890000e+01  1.000052e+00
1.900000e+01  9.999263e-01
1.910000e+01  1.000052e+00
1.920000e+01  9.999286e-01
1.930000e+01  1.000055e+00
1.940000e+01  9.999327e-01
1.950000e+01  1.000059e+00
1.960000e+01  9.999371e-01
1.970000e+01  1.000063e+00
1.980000e+01  9.999406e-01
1.990000e+01  1.000065e+00
2.000000e+01  9.999424e-01
2.010000e+01  1.000065e+00
2.020000e+01  9.999425e-01
2.030000e+01  1.000064e+00
2.040000e+01  9.999412e-01
2.050000e+01  1.000062e+00
2.060000e+01  9.999393e-01
2.070000e+01  1.000060e+00
2.080000e+01  9.999376e-01
2.090000e+01  1.000058e+00
2.100000e+01  9.999365e-01
2.110000e+01  1.000057e+00
2.120000e+01  9.999363e-01
2.130000e+01  1.000057e+00
2.140000e+01  9.999369e-01
2.150000e+01  1.000057e+00
2.160000e+01  9.999380e-01
2.170000e+01  1.000058e+00
2.180000e+01  9.999392e-01
2.190000e+01  1.000059e+00
2.200000e+01  9.999401e-01
2.210000e+01  1.000060e+00
2.220000e+01  9.999407e-01
2.230000e+01  1.000060e+00
2.240000e+01  9.999408e-01
2.250000e+01  1.000059e+00
2.260000e+01  9.999406e-01
2.270000e+01  1.000059e+00
2.280000e+01  9.999402e-01
2.290000e+01  1.000058e+00
2.300000e+01  9.999398e-01
2.310000e+01  1.000058e+00
2.320000e+01  9.999396e-01
2.330000e+01  1.000057e+00
2.340000e+01  9.999395e-01
2.350000e+01  1.000057e+00
2.360000e+01  9.999397e-01
2.370000e+01  1.000057e+00
2.380000e+01  9.999400e-01
2.390000e+01  1.000058e+00
2.400000e+01  9.999403e-01
2.410000e+01  1.000058e+00
2.420000e+01  9.999406e-01
2.430000e+01  1.000058e+00
2.440000e+01  9.999408e-01
2.450000e+01  1.000058e+00
2.460000e+01  9.999409e-01
2.470000e+01  1.000058e+00
2.480000e+01  9.999408e-01
2.490000e+01  1.000058e+00
2.500000e+01  9.999406e-01
2.510000e+01  1.000058e+00
2.520000e+01  9.999405e-01
2.530000e+01  1.000057e+00
2.540000e+01  9.999403e-01
2.550000e+01  1.000057e+00
