0.000000e+00  4.217613e-05
1.000000e-01  2.900923e-05
2.000000e-01  1.750251e-05
3.000000e-01  9.833268e-06
4.000000e-01  5.309193e-06
5.000000e-01  2.471008e-06
6.000000e-01  1.106538e-06
7.000000e-01  4.253162e-07
8.000000e-01  1.637225e-07
9.000000e-01  5.952786e-08
1.000000e+00  2.388253e-08
1.100000e+00  9.868991e-09
1.200000e+00  4.794105e-09
1.300000e+00  2.556158e-09
1.400000e+00  1.524490e-09
1.500000e+00  9.598861e-10
1.600000e+00  6.200528e-10
1.700000e+00  3.977092e-10
1.800000e+00  2.557776e-10
1.900000e+00  1.662750e-10
2.000000e+00  7.293291e+00
2.100000e+00  4.467346e+00
2.200000e+00  2.876614e+00
2.300000e+00  1.925945e+00
2.400000e+00  1.291379e+00
2.500000e+00  9.756889e-01
2.600000e+00  6.082974e-01
2.700000e+00  3.990492e-01
2.800000e+00  2.949785e-01
2.900000e+00  2.201035e-01
3.000000e+00  2.116685e-01
3.100000e+00  1.988090e-01
3.200000e+00  2.693118e-01
3.300000e+00  3.475555e-01
3.400000e+00  4.717037e-01
3.500000e+00  5.790494e-01
3.600000e+00  8.126230e-01
3.700000e+00  1.003241e+00
3.800000e+00  1.308734e+00
3.900000e+00  1.444066e+00
4.000000e+00  2.024888e+00
4.100000e+00  2.363271e+00
4.200000e+00  2.049582e+00
4.300000e+00  1.669989e+00
4.400000e+00  1.289089e+00
4.500000e+00  9.906667e-01
4.600000e+00  7.620534e-01
4.700000e+00  6.052179e-01
4.800000e+00  5.005562e-01
4.900000e+00  4.464402e-01
5.000000e+00  4.261019e-01
5.100000e+00  4.451676e-01
5.200000e+00  4.932385e-01
5.300000e+00  5.836940e-01
5.400000e+00  7.035732e-01
5.500000e+00  8.657770e-01
5.600000e+00  1.040119e+00
5.700000e+00  1.227544e+00
5.800000e+00  1.392941e+00
5.900000e+00  1.526603e+00
6.000000e+00  1.599228e+00
6.100000e+00  1.610774e+00
6.200000e+00  1.506084e+00
6.300000e+00  1.331765e+00
6.400000e+00  1.132723e+00
6.500000e+00  9.521706e-01
6.600000e+00  8.023063e-01
6.700000e+00  6.938883e-01
6.800000e+00  6.218640e-01
6.900000e+00  5.885058e-01
7.000000e+00  5.864937e-01
7.100000e+00  6.195130e-01
7.200000e+00  6.799510e-01
7.300000e+00  7.721297e-01
7.400000e+00  8.833150e-01
7.500000e+00  1.013366e+00
7.600000e+00  1.140428e+00
7.700000e+00  1.258928e+00
7.800000e+00  1.343695e+00
7.900000e+00  1.392586e+00
8.000000e+00  1.389840e+00
8.100000e+00  1.345012e+00
8.200000e+00  1.256788e+00
8.300000e+00  1.145525e+00
8.400000e+00  1.023788e+00
8.500000e+00  9.126984e-01
8.600000e+00  8.187434e-01
8.700000e+00  7.518031e-01
8.800000e+00  7.102594e-01
8.900000e+00  6.983500e-01
9.000000e+00  7.113399e-01
9.100000e+00  7.521446e-01
9.200000e+00  8.133886e-01
9.300000e+00  8.957503e-01
9.400000e+00  9.865619e-01
9.500000e+00  1.082616e+00
9.600000e+00  1.166616e+00
9.700000e+00  1.234724e+00
9.800000e+00  1.271830e+00
9.900000e+00  1.280092e+00
1.000000e+01  1.253415e+00
1.010000e+01  1.202398e+00
1.020000e+01  1.129589e+00
1.030000e+01  1.049616e+00
1.040000e+01  9.677916e-01
1.050000e+01  8.966205e-01
1.060000e+01  8.383884e-01
1.070000e+01  8.005660e-01
1.080000e+01  7.814500e-01
1.090000e+01  7.851419e-01
1.100000e+01  8.071589e-01
1.110000e+01  8.495207e-01
1.120000e+01  9.045792e-01
1.130000e+01  9.717531e-01
1.140000e+01  1.039547e+00
1.150000e+01  1.105346e+00
1.160000e+01  1.156290e+00
1.170000e+01  1.191463e+00
1.180000e+01  1.201765e+00
1.190000e+01  1.191762e+00
1.200000e+01  1.158886e+00
1.210000e+01  1.112789e+00
1.220000e+01  1.055355e+00
1.230000e+01  9.974723e-01
1.240000e+01  9.413953e-01
1.250000e+01  8.958833e-01
1.260000e+01  8.610351e-01
1.270000e+01  8.426066e-01
1.280000e+01  8.381596e-01
1.290000e+01  8.510851e-01
1.300000e+01  8.765337e-01
1.310000e+01  9.158607e-01
1.320000e+01  9.615001e-01
1.330000e+01  1.012871e+00
1.340000e+01  1.060219e+00
1.350000e+01  1.102505e+00
1.360000e+01  1.130421e+00
1.370000e+01  1.145341e+00
1.380000e+01  1.141538e+00
1.390000e+01  1.124471e+00
1.400000e+01  1.092684e+00
1.410000e+01  1.054472e+00
1.420000e+01  1.010596e+00
1.430000e+01  9.694765e-01
1.440000e+01  9.315572e-01
1.450000e+01  9.035369e-01
1.460000e+01  8.842225e-01
1.470000e+01  8.782189e-01
1.480000e+01  8.824138e-01
1.490000e+01  8.995687e-01
1.500000e+01  9.245600e-01
1.510000e+01  9.585029e-01
1.520000e+01  9.943241e-01
1.530000e+01  1.032049e+00
1.540000e+01  1.063681e+00
1.550000e+01  1.089701e+00
1.560000e+01  1.103279e+00
1.570000e+01  1.107179e+00
1.580000e+01  1.097403e+00
1.590000e+01  1.079491e+00
1.600000e+01  1.052110e+00
1.610000e+01  1.022314e+00
1.620000e+01  9.898484e-01
1.630000e+01  9.614979e-01
1.640000e+01  9.365114e-01
1.650000e+01  9.203293e-01
1.660000e+01  9.109025e-01
1.670000e+01  9.120933e-01
1.680000e+01  9.203103e-01
1.690000e+01  9.379617e-01
1.700000e+01  9.598839e-01
1.710000e+01  9.873199e-01
1.720000e+01  1.013887e+00
1.730000e+01  1.040407e+00
1.740000e+01  1.060347e+00
1.750000e+01  1.075356e+00
1.760000e+01  1.080183e+00
1.770000e+01  1.078321e+00
1.780000e+01  1.066575e+00
1.790000e+01  1.050233e+00
1.800000e+01  1.027726e+00
1.810000e+01  1.005116e+00
1.820000e+01  9.813307e-01
1.830000e+01  9.620470e-01
1.840000e+01  9.456844e-01
1.850000e+01  9.368677e-01
1.860000e+01  9.329779e-01
1.870000e+01  9.374265e-01
1.880000e+01  9.463807e-01
1.890000e+01  9.621559e-01
1.900000e+01  9.797854e-01
1.910000e+01  1.000849e+00
1.920000e+01  1.019707e+00
1.930000e+01  1.037909e+00
1.940000e+01  1.050019e+00
1.950000e+01  1.058431e+00
1.960000e+01  1.058806e+00
1.970000e+01  1.054896e+00
1.980000e+01  1.043776e+00
1.990000e+01  1.030338e+00
2.000000e+01  1.012658e+00
2.010000e+01  9.960252e-01
2.020000e+01  9.787401e-01
2.030000e+01  9.657297e-01
2.040000e+01  9.548586e-01
2.050000e+01  9.502484e-01
2.060000e+01  9.489571e-01
2.070000e+01  9.541896e-01
2.080000e+01  9.620896e-01
2.090000e+01  9.750723e-01
2.100000e+01  9.885047e-01
2.110000e+01  1.004363e+00
2.120000e+01  1.017663e+00
2.130000e+01  1.030499e+00
2.140000e+01  1.038165e+00
2.150000e+01  1.043443e+00
2.160000e+01  1.042445e+00
2.170000e+01  1.038898e+00
2.180000e+01  1.029864e+00
2.190000e+01  1.019818e+00
2.200000e+01  1.006469e+00
2.210000e+01  9.945395e-01
2.220000e+01  9.818741e-01
2.230000e+01  9.729324e-01
2.240000e+01  9.652410e-01
2.250000e+01  9.626767e-01
2.260000e+01  9.621712e-01
2.270000e+01  9.669234e-01
2.280000e+01  9.731900e-01
2.290000e+01  9.835929e-01
2.300000e+01  9.938336e-01
2.310000e+01  1.006233e+00
2.320000e+01  1.016255e+00
2.330000e+01  1.026321e+00
2.340000e+01  1.032093e+00
2.350000e+01  1.036476e+00
2.360000e+01  1.035690e+00
2.370000e+01  1.033309e+00
2.380000e+01  1.026223e+00
2.390000e+01  1.018571e+00
2.400000e+01  1.007749e+00
2.410000e+01  9.981399e-01
2.420000e+01  9.873142e-01
2.430000e+01  9.795307e-01
2.440000e+01  9.721907e-01
2.450000e+01  9.691528e-01
2.460000e+01  9.674025e-01
2.470000e+01  9.702762e-01
2.480000e+01  9.742399e-01
2.490000e+01  9.821437e-01
2.500000e+01  9.899855e-01
2.510000e+01  1.000309e+00
2.520000e+01  1.008848e+00
2.530000e+01  1.018126e+00
2.540000e+01  1.023922e+00
2.550000e+01  1.029054e+00
