0.000000e+00  7.777937e-10
1.000000e-01  7.647923e-10
2.000000e-01  7.470246e-10
3.000000e-01  7.311343e-10
4.000000e-01  7.160318e-10
5.000000e-01  7.015882e-10
6.000000e-01  6.881457e-10
7.000000e-01  6.754915e-10
8.000000e-01  6.638901e-10
9.000000e-01  6.531846e-10
1.000000e+00  6.435457e-10
1.100000e+00  6.347271e-10
1.200000e+00  6.269237e-10
1.300000e+00  6.199115e-10
1.400000e+00  6.137896e-10
1.500000e+00  6.083617e-10
1.600000e+00  6.035792e-10
1.700000e+00  5.992373e-10
1.800000e+00  5.954755e-10
1.900000e+00  5.921686e-10
2.000000e+00  2.196675e+00
2.100000e+00  2.001770e+00
2.200000e+00  1.835330e+00
2.300000e+00  1.685015e+00
2.400000e+00  1.553849e+00
2.500000e+00  1.440712e+00
2.600000e+00  1.334882e+00
2.700000e+00  1.237494e+00
2.800000e+00  1.158520e+00
2.900000e+00  1.082928e+00
3.000000e+00  1.025202e+00
3.100000e+00  9.679432e-01
3.200000e+00  9.297638e-01
3.300000e+00  8.971374e-01
3.400000e+00  8.746223e-01
3.500000e+00  8.546717e-01
3.600000e+00  8.494577e-01
3.700000e+00  8.478220e-01
3.800000e+00  8.598027e-01
3.900000e+00  8.700158e-01
4.000000e+00  9.091573e-01
4.100000e+00  9.645563e-01
4.200000e+00  9.987900e-01
4.300000e+00  1.027667e+00
4.400000e+00  1.043359e+00
4.500000e+00  1.054785e+00
4.600000e+00  1.057496e+00
4.700000e+00  1.057766e+00
4.800000e+00  1.052476e+00
4.900000e+00  1.046432e+00
5.000000e+00  1.037194e+00
5.100000e+00  1.028445e+00
5.200000e+00  1.018177e+00
5.300000e+00  1.009406e+00
5.400000e+00  1.000347e+00
5.500000e+00  9.934851e-01
5.600000e+00  9.871456e-01
5.700000e+00  9.832750e-01
5.800000e+00  9.803246e-01
5.900000e+00  9.798665e-01
6.000000e+00  9.803316e-01
6.100000e+00  9.831780e-01
6.200000e+00  9.863924e-01
6.300000e+00  9.906817e-01
6.400000e+00  9.943540e-01
6.500000e+00  9.982959e-01
6.600000e+00  1.001139e+00
6.700000e+00  1.003879e+00
6.800000e+00  1.005391e+00
6.900000e+00  1.006720e+00
7.000000e+00  1.006914e+00
7.100000e+00  1.007024e+00
7.200000e+00  1.006214e+00
7.300000e+00  1.005502e+00
7.400000e+00  1.004128e+00
7.500000e+00  1.003054e+00
7.600000e+00  1.001559e+00
7.700000e+00  1.000537e+00
7.800000e+00  9.992807e-01
7.900000e+00  9.986046e-01
8.000000e+00  9.978032e-01
8.100000e+00  9.976120e-01
8.200000e+00  9.973191e-01
8.300000e+00  9.975809e-01
8.400000e+00  9.976817e-01
8.500000e+00  9.982294e-01
8.600000e+00  9.985307e-01
8.700000e+00  9.991700e-01
8.800000e+00  9.994899e-01
8.900000e+00  1.000065e+00
9.000000e+00  1.000277e+00
9.100000e+00  1.000696e+00
9.200000e+00  1.000742e+00
9.300000e+00  1.000979e+00
9.400000e+00  1.000862e+00
9.500000e+00  1.000944e+00
9.600000e+00  1.000706e+00
9.700000e+00  1.000689e+00
9.800000e+00  1.000394e+00
9.900000e+00  1.000343e+00
1.000000e+01  1.000051e+00
1.010000e+01  1.000022e+00
1.020000e+01  9.997781e-01
1.030000e+01  9.998034e-01
1.040000e+01  9.996273e-01
1.050000e+01  9.997152e-01
1.060000e+01  9.996037e-01
1.070000e+01  9.997423e-01
1.080000e+01  9.996765e-01
1.090000e+01  9.998432e-01
1.100000e+01  9.997985e-01
1.110000e+01  9.999696e-01
1.120000e+01  9.999240e-01
1.130000e+01  1.000081e+00
1.140000e+01  1.000019e+00
1.150000e+01  1.000152e+00
1.160000e+01  1.000069e+00
1.170000e+01  1.000176e+00
1.180000e+01  1.000073e+00
1.190000e+01  1.000159e+00
1.200000e+01  1.000044e+00
1.210000e+01  1.000118e+00
1.220000e+01  9.999993e-01
1.230000e+01  1.000070e+00
1.240000e+01  9.999551e-01
1.250000e+01  1.000030e+00
1.260000e+01  9.999232e-01
1.270000e+01  1.000005e+00
1.280000e+01  9.999087e-01
1.290000e+01  9.999973e-01
1.300000e+01  9.999106e-01
1.310000e+01  1.000004e+00
1.320000e+01  9.999237e-01
1.330000e+01  1.000019e+00
1.340000e+01  9.999417e-01
1.350000e+01  1.000036e+00
1.360000e+01  9.999585e-01
1.370000e+01  1.000049e+00
1.380000e+01  9.999703e-01
1.390000e+01  1.000057e+00
1.400000e+01  9.999755e-01
1.410000e+01  1.000058e+00
1.420000e+01  9.999748e-01
1.430000e+01  1.000054e+00
1.440000e+01  9.999702e-01
1.450000e+01  1.000047e+00
1.460000e+01  9.999642e-01
1.470000e+01  1.000041e+00
1.480000e+01  9.999588e-01
1.490000e+01  1.000035e+00
1.500000e+01  9.999554e-01
1.510000e+01  1.000032e+00
1.520000e+01  9.999544e-01
1.530000e+01  1.000031e+00
1.540000e+01  9.999555e-01
1.550000e+01  1.000033e+00
1.560000e+01  9.999580e-01
1.570000e+01  1.000035e+00
1.580000e+01  9.999608e-01
1.590000e+01  1.000037e+00
1.600000e+01  9.999632e-01
1.610000e+01  1.000038e+00
1.620000e+01  9.999648e-01
1.630000e+01  1.000038e+00
1.640000e+01  9.999655e-01
1.650000e+01  1.000038e+00
1.660000e+01  9.999654e-01
1.670000e+01  1.000037e+00
1.680000e+01  9.999649e-01
1.690000e+01  1.000036e+00
1.700000e+01  9.999642e-01
1.710000e+01  1.000035e+00
1.720000e+01  9.999638e-01
1.730000e+01  1.000034e+00
1.740000e+01  9.999636e-01
1.750000e+01  1.000034e+00
1.760000e+01  9.999637e-01
1.770000e+01  1.000033e+00
1.780000e+01  9.999641e-01
1.790000e+01  1.000033e+00
1.800000e+01  9.999646e-01
1.810000e+01  1.000034e+00
1.820000e+01  9.999652e-01
1.830000e+01  1.000034e+00
1.840000e+01  9.999656e-01
1.850000e+01  1.000034e+00
1.860000e+01  9.999660e-01
1.870000e+01  1.000034e+00
1.880000e+01  9.999662e-01
1.890000e+01  1.000033e+00
1.900000e+01  9.999663e-01
1.910000e+01  1.000033e+00
1.920000e+01  9.999663e-01
1.930000e+01  1.000033e+00
1.940000e+01  9.999663e-01
1.950000e+01  1.000033e+00
1.960000e+01  9.999664e-01
1.970000e+01  1.000032e+00
1.980000e+01  9.999665e-01
1.990000e+01  1.000032e+00
2.000000e+01  9.999666e-01
2.010000e+01  1.000032e+00
2.020000e+01  9.999668e-01
2.030000e+01  1.000032e+00
2.040000e+01  9.999670e-01
2.050000e+01  1.000032e+00
2.060000e+01  9.999671e-01
2.070000e+01  1.000032e+00
2.080000e+01  9.999673e-01
2.090000e+01  1.000032e+00
2.100000e+01  9.999674e-01
2.110000e+01  1.000032e+00
2.120000e+01  9.999675e-01
2.130000e+01  1.000032e+00
2.140000e+01  9.999676e-01
2.150000e+01  1.000031e+00
2.160000e+01  9.999676e-01
2.170000e+01  1.000031e+00
2.180000e+01  9.999677e-01
2.190000e+01  1.000031e+00
2.200000e+01  9.999678e-01
2.210000e+01  1.000031e+00
2.220000e+01  9.999678e-01
2.230000e+01  1.000031e+00
2.240000e+01  9.999679e-01
2.250000e+01  1.000031e+00
2.260000e+01  9.999680e-01
2.270000e+01  1.000031e+00
2.280000e+01  9.999681e-01
2.290000e+01  1.000031e+00
2.300000e+01  9.999681e-01
2.310000e+01  1.000031e+00
2.320000e+01  9.999682e-01
2.330000e+01  1.000031e+00
2.340000e+01  9.999682e-01
2.350000e+01  1.000031e+00
2.360000e+01  9.999683e-01
2.370000e+01  1.000031e+00
2.380000e+01  9.999683e-01
2.390000e+01  1.000031e+00
2.400000e+01  9.999683e-01
2.410000e+01  1.000031e+00
2.420000e+01  9.999684e-01
2.430000e+01  1.000031e+00
2.440000e+01  9.999684e-01
2.450000e+01  1.000031e+00
2.460000e+01  9.999684e-01
2.470000e+01  1.000031e+00
2.480000e+01  9.999684e-01
2.490000e+01  1.000031e+00
2.500000e+01  9.999684e-01
2.510000e+01  1.000031e+00
2.520000e+01  9.999685e-01
2.530000e+01  1.000031e+00
2.540000e+01  9.999685e-01
2.550000e+01  1.000031e+00
