0.000000e+00  6.871413e-09
1.000000e-01  6.035830e-09
2.000000e-01  5.020129e-09
3.000000e-01  4.193716e-09
4.000000e-01  3.496802e-09
5.000000e-01  2.893622e-09
6.000000e-01  2.404659e-09
7.000000e-01  1.997880e-09
8.000000e-01  1.680722e-09
9.000000e-01  1.429290e-09
1.000000e+00  1.240034e-09
1.100000e+00  1.092645e-09
1.200000e+00  9.852403e-10
1.300000e+00  9.037543e-10
1.400000e+00  8.446715e-10
1.500000e+00  8.000296e-10
1.600000e+00  7.667590e-10
1.700000e+00  7.402959e-10
1.800000e+00  7.206421e-10
1.900000e+00  7.053473e-10
2.000000e+00  3.728002e+00
2.100000e+00  3.012707e+00
2.200000e+00  2.482423e+00
2.300000e+00  2.054406e+00
2.400000e+00  1.721453e+00
2.500000e+00  1.471602e+00
2.600000e+00  1.243888e+00
2.700000e+00  1.054789e+00
2.800000e+00  9.236014e-01
2.900000e+00  8.040264e-01
3.000000e+00  7.328064e-01
3.100000e+00  6.611288e-01
3.200000e+00  6.384371e-01
3.300000e+00  6.252629e-01
3.400000e+00  6.314486e-01
3.500000e+00  6.396398e-01
3.600000e+00  6.840488e-01
3.700000e+00  7.319731e-01
3.800000e+00  8.140491e-01
3.900000e+00  8.815265e-01
4.000000e+00  1.045632e+00
4.100000e+00  1.230362e+00
4.200000e+00  1.294243e+00
4.300000e+00  1.319697e+00
4.400000e+00  1.290966e+00
4.500000e+00  1.250071e+00
4.600000e+00  1.188778e+00
4.700000e+00  1.130272e+00
4.800000e+00  1.067493e+00
4.900000e+00  1.014593e+00
5.000000e+00  9.648447e-01
5.100000e+00  9.270804e-01
5.200000e+00  8.954982e-01
5.300000e+00  8.768064e-01
5.400000e+00  8.654737e-01
5.500000e+00  8.669234e-01
5.600000e+00  8.753290e-01
5.700000e+00  8.945887e-01
5.800000e+00  9.190479e-01
5.900000e+00  9.513445e-01
6.000000e+00  9.850418e-01
6.100000e+00  1.022631e+00
6.200000e+00  1.052934e+00
6.300000e+00  1.075951e+00
6.400000e+00  1.086381e+00
6.500000e+00  1.088669e+00
6.600000e+00  1.080795e+00
6.700000e+00  1.068396e+00
6.800000e+00  1.050381e+00
6.900000e+00  1.031958e+00
7.000000e+00  1.011939e+00
7.100000e+00  9.946300e-01
7.200000e+00  9.784451e-01
7.300000e+00  9.668014e-01
7.400000e+00  9.577123e-01
7.500000e+00  9.538678e-01
7.600000e+00  9.528862e-01
7.700000e+00  9.568332e-01
7.800000e+00  9.629217e-01
7.900000e+00  9.727038e-01
8.000000e+00  9.830582e-01
8.100000e+00  9.951876e-01
8.200000e+00  1.005801e+00
8.300000e+00  1.015952e+00
8.400000e+00  1.022703e+00
8.500000e+00  1.027656e+00
8.600000e+00  1.028674e+00
8.700000e+00  1.027955e+00
8.800000e+00  1.023994e+00
8.900000e+00  1.019270e+00
9.000000e+00  1.012579e+00
9.100000e+00  1.006369e+00
9.200000e+00  9.994653e-01
9.300000e+00  9.940940e-01
9.400000e+00  9.889570e-01
9.500000e+00  9.859823e-01
9.600000e+00  9.836835e-01
9.700000e+00  9.836878e-01
9.800000e+00  9.843136e-01
9.900000e+00  9.869309e-01
1.000000e+01  9.897070e-01
1.010000e+01  9.938387e-01
1.020000e+01  9.974345e-01
1.030000e+01  1.001635e+00
1.040000e+01  1.004620e+00
1.050000e+01  1.007609e+00
1.060000e+01  1.008975e+00
1.070000e+01  1.010099e+00
1.080000e+01  1.009580e+00
1.090000e+01  1.008939e+00
1.100000e+01  1.006953e+00
1.110000e+01  1.005205e+00
1.120000e+01  1.002558e+00
1.130000e+01  1.000570e+00
1.140000e+01  9.981111e-01
1.150000e+01  9.966494e-01
1.160000e+01  9.950055e-01
1.170000e+01  9.945286e-01
1.180000e+01  9.939667e-01
1.190000e+01  9.945507e-01
1.200000e+01  9.949630e-01
1.210000e+01  9.963430e-01
1.220000e+01  9.973381e-01
1.230000e+01  9.990397e-01
1.240000e+01  1.000104e+00
1.250000e+01  1.001624e+00
1.260000e+01  1.002307e+00
1.270000e+01  1.003281e+00
1.280000e+01  1.003335e+00
1.290000e+01  1.003642e+00
1.300000e+01  1.003069e+00
1.310000e+01  1.002823e+00
1.320000e+01  1.001828e+00
1.330000e+01  1.001298e+00
1.340000e+01  1.000183e+00
1.350000e+01  9.996759e-01
1.360000e+01  9.987262e-01
1.370000e+01  9.984856e-01
1.380000e+01  9.978847e-01
1.390000e+01  9.980259e-01
1.400000e+01  9.978167e-01
1.410000e+01  9.983144e-01
1.420000e+01  9.984106e-01
1.430000e+01  9.991307e-01
1.440000e+01  9.993646e-01
1.450000e+01  1.000124e+00
1.460000e+01  1.000313e+00
1.470000e+01  1.000946e+00
1.480000e+01  1.000955e+00
1.490000e+01  1.001364e+00
1.500000e+01  1.001139e+00
1.510000e+01  1.001315e+00
1.520000e+01  1.000887e+00
1.530000e+01  1.000896e+00
1.540000e+01  1.000356e+00
1.550000e+01  1.000305e+00
1.560000e+01  9.997646e-01
1.570000e+01  9.997591e-01
1.580000e+01  9.993108e-01
1.590000e+01  9.994235e-01
1.600000e+01  9.991150e-01
1.610000e+01  9.993678e-01
1.620000e+01  9.991948e-01
1.630000e+01  9.995608e-01
1.640000e+01  9.994778e-01
1.650000e+01  9.998983e-01
1.660000e+01  9.998391e-01
1.670000e+01  1.000248e+00
1.680000e+01  1.000151e+00
1.690000e+01  1.000495e+00
1.700000e+01  1.000322e+00
1.710000e+01  1.000580e+00
1.720000e+01  1.000323e+00
1.730000e+01  1.000502e+00
1.740000e+01  1.000183e+00
1.750000e+01  1.000315e+00
1.760000e+01  9.999715e-01
1.770000e+01  1.000096e+00
1.780000e+01  9.997681e-01
1.790000e+01  9.999214e-01
1.800000e+01  9.996361e-01
1.810000e+01  9.998377e-01
1.820000e+01  9.996055e-01
1.830000e+01  9.998559e-01
1.840000e+01  9.996687e-01
1.850000e+01  9.999526e-01
1.860000e+01  9.997897e-01
1.870000e+01  1.000083e+00
1.880000e+01  9.999202e-01
1.890000e+01  1.000201e+00
1.900000e+01  1.000017e+00
1.910000e+01  1.000269e+00
1.920000e+01  1.000056e+00
1.930000e+01  1.000276e+00
1.940000e+01  1.000034e+00
1.950000e+01  1.000228e+00
1.960000e+01  9.999690e-01
1.970000e+01  1.000151e+00
1.980000e+01  9.998891e-01
1.990000e+01  1.000074e+00
2.000000e+01  9.998223e-01
2.010000e+01  1.000021e+00
2.020000e+01  9.997878e-01
2.030000e+01  1.000005e+00
2.040000e+01  9.997911e-01
2.050000e+01  1.000024e+00
2.060000e+01  9.998250e-01
2.070000e+01  1.000067e+00
2.080000e+01  9.998735e-01
2.090000e+01  1.000115e+00
2.100000e+01  9.999190e-01
2.110000e+01  1.000153e+00
2.120000e+01  9.999475e-01
2.130000e+01  1.000170e+00
2.140000e+01  9.999529e-01
2.150000e+01  1.000164e+00
2.160000e+01  9.999374e-01
2.170000e+01  1.000140e+00
2.180000e+01  9.999095e-01
2.190000e+01  1.000110e+00
2.200000e+01  9.998801e-01
2.210000e+01  1.000083e+00
2.220000e+01  9.998588e-01
2.230000e+01  1.000068e+00
2.240000e+01  9.998513e-01
2.250000e+01  1.000067e+00
2.260000e+01  9.998577e-01
2.270000e+01  1.000079e+00
2.280000e+01  9.998740e-01
2.290000e+01  1.000097e+00
2.300000e+01  9.998935e-01
2.310000e+01  1.000115e+00
2.320000e+01  9.999096e-01
2.330000e+01  1.000128e+00
2.340000e+01  9.999177e-01
2.350000e+01  1.000131e+00
2.360000e+01  9.999165e-01
2.370000e+01  1.000125e+00
2.380000e+01  9.999075e-01
2.390000e+01  1.000113e+00
2.400000e+01  9.998946e-01
2.410000e+01  1.000100e+00
2.420000e+01  9.998824e-01
2.430000e+01  1.000090e+00
2.440000e+01  9.998747e-01
2.450000e+01  1.000085e+00
2.460000e+01  9.998736e-01
2.470000e+01  1.000087e+00
2.480000e+01  9.998789e-01
2.490000e+01  1.000095e+00
2.500000e+01  9.998884e-01
2.510000e+01  1.000105e+00
2.520000e+01  9.998989e-01
2.530000e+01  1.000115e+00
2.540000e+01  9.999069e-01
2.550000e+01  1.000120e+00
