0.000000e+00  7.252990e-10
1.000000e-01  7.238032e-10
2.000000e-01  7.216598e-10
3.000000e-01  7.196601e-10
4.000000e-01  7.176666e-10
5.000000e-01  7.156816e-10
6.000000e-01  7.137376e-10
7.000000e-01  7.118227e-10
8.000000e-01  7.099647e-10
9.000000e-01  7.081565e-10
1.000000e+00  7.064274e-10
1.100000e+00  7.047566e-10
1.200000e+00  7.031775e-10
1.300000e+00  7.016736e-10
1.400000e+00  7.002735e-10
1.500000e+00  6.989561e-10
1.600000e+00  6.977213e-10
1.700000e+00  6.965385e-10
1.800000e+00  6.954468e-10
1.900000e+00  6.944337e-10
2.000000e+00  1.567886e+00
2.100000e+00  1.501607e+00
2.200000e+00  1.441292e+00
2.300000e+00  1.384142e+00
2.400000e+00  1.331433e+00
2.500000e+00  1.283392e+00
2.600000e+00  1.237016e+00
2.700000e+00  1.192572e+00
2.800000e+00  1.153944e+00
2.900000e+00  1.116006e+00
3.000000e+00  1.084273e+00
3.100000e+00  1.052468e+00
3.200000e+00  1.027709e+00
3.300000e+00  1.005201e+00
3.400000e+00  9.869041e-01
3.500000e+00  9.698317e-01
3.600000e+00  9.588093e-01
3.700000e+00  9.496195e-01
3.800000e+00  9.462021e-01
3.900000e+00  9.425930e-01
4.000000e+00  9.500598e-01
4.100000e+00  9.655823e-01
4.200000e+00  9.759063e-01
4.300000e+00  9.860302e-01
4.400000e+00  9.929016e-01
4.500000e+00  9.992227e-01
4.600000e+00  1.003143e+00
4.700000e+00  1.006579e+00
4.800000e+00  1.008204e+00
4.900000e+00  1.009526e+00
5.000000e+00  1.009518e+00
5.100000e+00  1.009401e+00
5.200000e+00  1.008339e+00
5.300000e+00  1.007374e+00
5.400000e+00  1.005795e+00
5.500000e+00  1.004499e+00
5.600000e+00  1.002860e+00
5.700000e+00  1.001634e+00
5.800000e+00  1.000263e+00
5.900000e+00  9.993951e-01
6.000000e+00  9.985031e-01
6.100000e+00  9.981898e-01
6.200000e+00  9.978877e-01
6.300000e+00  9.980160e-01
6.400000e+00  9.980540e-01
6.500000e+00  9.984010e-01
6.600000e+00  9.985898e-01
6.700000e+00  9.990014e-01
6.800000e+00  9.992148e-01
6.900000e+00  9.995942e-01
7.000000e+00  9.997579e-01
7.100000e+00  1.000055e+00
7.200000e+00  1.000135e+00
7.300000e+00  1.000334e+00
7.400000e+00  1.000328e+00
7.500000e+00  1.000438e+00
7.600000e+00  1.000363e+00
7.700000e+00  1.000407e+00
7.800000e+00  1.000290e+00
7.900000e+00  1.000299e+00
8.000000e+00  1.000167e+00
8.100000e+00  1.000167e+00
8.200000e+00  1.000045e+00
8.300000e+00  1.000056e+00
8.400000e+00  9.999539e-01
8.500000e+00  9.999828e-01
8.600000e+00  9.999038e-01
8.700000e+00  9.999493e-01
8.800000e+00  9.998896e-01
8.900000e+00  9.999470e-01
9.000000e+00  9.999004e-01
9.100000e+00  9.999638e-01
9.200000e+00  9.999243e-01
9.300000e+00  9.999882e-01
9.400000e+00  9.999508e-01
9.500000e+00  1.000012e+00
9.600000e+00  9.999730e-01
9.700000e+00  1.000029e+00
9.800000e+00  9.999875e-01
9.900000e+00  1.000037e+00
1.000000e+01  9.999940e-01
1.010000e+01  1.000039e+00
1.020000e+01  9.999942e-01
1.030000e+01  1.000036e+00
1.040000e+01  9.999907e-01
1.050000e+01  1.000030e+00
1.060000e+01  9.999859e-01
1.070000e+01  1.000025e+00
1.080000e+01  9.999816e-01
1.090000e+01  1.000020e+00
1.100000e+01  9.999786e-01
1.110000e+01  1.000017e+00
1.120000e+01  9.999773e-01
1.130000e+01  1.000015e+00
1.140000e+01  9.999774e-01
1.150000e+01  1.000015e+00
1.160000e+01  9.999785e-01
1.170000e+01  1.000016e+00
1.180000e+01  9.999799e-01
1.190000e+01  1.000016e+00
1.200000e+01  9.999814e-01
1.210000e+01  1.000017e+00
1.220000e+01  9.999825e-01
1.230000e+01  1.000017e+00
1.240000e+01  9.999834e-01
1.250000e+01  1.000017e+00
1.260000e+01  9.999838e-01
1.270000e+01  1.000017e+00
1.280000e+01  9.999840e-01
1.290000e+01  1.000017e+00
1.300000e+01  9.999841e-01
1.310000e+01  1.000016e+00
1.320000e+01  9.999841e-01
1.330000e+01  1.000016e+00
1.340000e+01  9.999841e-01
1.350000e+01  1.000015e+00
1.360000e+01  9.999842e-01
1.370000e+01  1.000015e+00
1.380000e+01  9.999844e-01
1.390000e+01  1.000015e+00
1.400000e+01  9.999846e-01
1.410000e+01  1.000015e+00
1.420000e+01  9.999848e-01
1.430000e+01  1.000014e+00
1.440000e+01  9.999851e-01
1.450000e+01  1.000014e+00
1.460000e+01  9.999853e-01
1.470000e+01  1.000014e+00
1.480000e+01  9.999855e-01
1.490000e+01  1.000014e+00
1.500000e+01  9.999857e-01
1.510000e+01  1.000014e+00
1.520000e+01  9.999858e-01
1.530000e+01  1.000014e+00
1.540000e+01  9.999860e-01
1.550000e+01  1.000014e+00
1.560000e+01  9.999861e-01
1.570000e+01  1.000013e+00
1.580000e+01  9.999862e-01
1.590000e+01  1.000013e+00
1.600000e+01  9.999864e-01
1.610000e+01  1.000013e+00
1.620000e+01  9.999865e-01
1.630000e+01  1.000013e+00
1.640000e+01  9.999866e-01
1.650000e+01  1.000013e+00
1.660000e+01  9.999867e-01
1.670000e+01  1.000013e+00
1.680000e+01  9.999868e-01
1.690000e+01  1.000013e+00
1.700000e+01  9.999869e-01
1.710000e+01  1.000013e+00
1.720000e+01  9.999870e-01
1.730000e+01  1.000013e+00
1.740000e+01  9.999871e-01
1.750000e+01  1.000012e+00
1.760000e+01  9.999872e-01
1.770000e+01  1.000012e+00
1.780000e+01  9.999873e-01
1.790000e+01  1.000012e+00
1.800000e+01  9.999874e-01
1.810000e+01  1.000012e+00
1.820000e+01  9.999874e-01
1.830000e+01  1.000012e+00
1.840000e+01  9.999875e-01
1.850000e+01  1.000012e+00
1.860000e+01  9.999876e-01
1.870000e+01  1.000012e+00
1.880000e+01  9.999876e-01
1.890000e+01  1.000012e+00
1.900000e+01  9.999877e-01
1.910000e+01  1.000012e+00
1.920000e+01  9.999878e-01
1.930000e+01  1.000012e+00
1.940000e+01  9.999878e-01
1.950000e+01  1.000012e+00
1.960000e+01  9.999879e-01
1.970000e+01  1.000012e+00
1.980000e+01  9.999879e-01
1.990000e+01  1.000012e+00
2.000000e+01  9.999880e-01
2.010000e+01  1.000012e+00
2.020000e+01  9.999880e-01
2.030000e+01  1.000012e+00
2.040000e+01  9.999881e-01
2.050000e+01  1.000012e+00
2.060000e+01  9.999881e-01
2.070000e+01  1.000011e+00
2.080000e+01  9.999882e-01
2.090000e+01  1.000011e+00
2.100000e+01  9.999882e-01
2.110000e+01  1.000011e+00
2.120000e+01  9.999883e-01
2.130000e+01  1.000011e+00
2.140000e+01  9.999883e-01
2.150000e+01  1.000011e+00
2.160000e+01  9.999883e-01
2.170000e+01  1.000011e+00
2.180000e+01  9.999884e-01
2.190000e+01  1.000011e+00
2.200000e+01  9.999884e-01
2.210000e+01  1.000011e+00
2.220000e+01  9.999884e-01
2.230000e+01  1.000011e+00
2.240000e+01  9.999884e-01
2.250000e+01  1.000011e+00
2.260000e+01  9.999885e-01
2.270000e+01  1.000011e+00
2.280000e+01  9.999885e-01
2.290000e+01  1.000011e+00
2.300000e+01  9.999885e-01
2.310000e+01  1.000011e+00
2.320000e+01  9.999885e-01
2.330000e+01  1.000011e+00
2.340000e+01  9.999885e-01
2.350000e+01  1.000011e+00
2.360000e+01  9.999886e-01
2.370000e+01  1.000011e+00
2.380000e+01  9.999886e-01
2.390000e+01  1.000011e+00
2.400000e+01  9.999886e-01
2.410000e+01  1.000011e+00
2.420000e+01  9.999886e-01
2.430000e+01  1.000011e+00
2.440000e+01  9.999886e-01
2.450000e+01  1.000011e+00
2.460000e+01  9.999886e-01
2.470000e+01  1.000011e+00
2.480000e+01  9.999886e-01
2.490000e+01  1.000011e+00
2.500000e+01  9.999886e-01
2.510000e+01  1.000011e+00
2.520000e+01  9.999886e-01
2.530000e+01  1.000011e+00
2.540000e+01  9.999886e-01
2.550000e+01  1.000011e+00
