0.000000e+00  3.650367e-07
1.000000e-01  2.849766e-07
2.000000e-01  2.010305e-07
3.000000e-01  1.391832e-07
4.000000e-01  9.450003e-08
5.000000e-01  6.060216e-08
6.000000e-01  3.820310e-08
7.000000e-01  2.278054e-08
8.000000e-01  1.351807e-08
9.000000e-01  7.789012e-09
1.000000e+00  4.581698e-09
1.100000e+00  2.662508e-09
1.200000e+00  1.626425e-09
1.300000e+00  1.013082e-09
1.400000e+00  6.653563e-10
1.500000e+00  4.475203e-10
1.600000e+00  3.106696e-10
1.700000e+00  2.145719e-10
1.800000e+00  1.517572e-10
1.900000e+00  1.081950e-10
2.000000e+00  5.502835e+00
2.100000e+00  3.875178e+00
2.200000e+00  2.829753e+00
2.300000e+00  2.097969e+00
2.400000e+00  1.582792e+00
2.500000e+00  1.261650e+00
2.600000e+00  9.483478e-01
2.700000e+00  7.241035e-01
2.800000e+00  5.918020e-01
2.900000e+00  4.789904e-01
3.000000e+00  4.346887e-01
3.100000e+00  3.864382e-01
3.200000e+00  4.107453e-01
3.300000e+00  4.429548e-01
3.400000e+00  5.013620e-01
3.500000e+00  5.563902e-01
3.600000e+00  6.800392e-01
3.700000e+00  7.972054e-01
3.800000e+00  9.799898e-01
3.900000e+00  1.102702e+00
4.000000e+00  1.453336e+00
4.100000e+00  1.763345e+00
4.200000e+00  1.726880e+00
4.300000e+00  1.611484e+00
4.400000e+00  1.424302e+00
4.500000e+00  1.251324e+00
4.600000e+00  1.084610e+00
4.700000e+00  9.518369e-01
4.800000e+00  8.407134e-01
4.900000e+00  7.632012e-01
5.000000e+00  7.068195e-01
5.100000e+00  6.787966e-01
5.200000e+00  6.695894e-01
5.300000e+00  6.870588e-01
5.400000e+00  7.218863e-01
5.500000e+00  7.821500e-01
5.600000e+00  8.549851e-01
5.700000e+00  9.451841e-01
5.800000e+00  1.037925e+00
5.900000e+00  1.133355e+00
6.000000e+00  1.213920e+00
6.100000e+00  1.280778e+00
6.200000e+00  1.300758e+00
6.300000e+00  1.280496e+00
6.400000e+00  1.223994e+00
6.500000e+00  1.152769e+00
6.600000e+00  1.073114e+00
6.700000e+00  9.998168e-01
6.800000e+00  9.337154e-01
6.900000e+00  8.830208e-01
7.000000e+00  8.450833e-01
7.100000e+00  8.248557e-01
7.200000e+00  8.180427e-01
7.300000e+00  8.282246e-01
7.400000e+00  8.499733e-01
7.500000e+00  8.858156e-01
7.600000e+00  9.285610e-01
7.700000e+00  9.791616e-01
7.800000e+00  1.028363e+00
7.900000e+00  1.076046e+00
8.000000e+00  1.112441e+00
8.100000e+00  1.138352e+00
8.200000e+00  1.146073e+00
8.300000e+00  1.139356e+00
8.400000e+00  1.116004e+00
8.500000e+00  1.084251e+00
8.600000e+00  1.045109e+00
8.700000e+00  1.006869e+00
8.800000e+00  9.699335e-01
8.900000e+00  9.404911e-01
9.000000e+00  9.172985e-01
9.100000e+00  9.045637e-01
9.200000e+00  8.996033e-01
9.300000e+00  9.052202e-01
9.400000e+00  9.175010e-01
9.500000e+00  9.381626e-01
9.600000e+00  9.621249e-01
9.700000e+00  9.902463e-01
9.800000e+00  1.016628e+00
9.900000e+00  1.041894e+00
1.000000e+01  1.060336e+00
1.010000e+01  1.073425e+00
1.020000e+01  1.076891e+00
1.030000e+01  1.073874e+00
1.040000e+01  1.062148e+00
1.050000e+01  1.046424e+00
1.060000e+01  1.025900e+00
1.070000e+01  1.005688e+00
1.080000e+01  9.851306e-01
1.090000e+01  9.686827e-01
1.100000e+01  9.550336e-01
1.110000e+01  9.476218e-01
1.120000e+01  9.442541e-01
1.130000e+01  9.474102e-01
1.140000e+01  9.540342e-01
1.150000e+01  9.658304e-01
1.160000e+01  9.790278e-01
1.170000e+01  9.948426e-01
1.180000e+01  1.009145e+00
1.190000e+01  1.023131e+00
1.200000e+01  1.032897e+00
1.210000e+01  1.040180e+00
1.220000e+01  1.041868e+00
1.230000e+01  1.040571e+00
1.240000e+01  1.034169e+00
1.250000e+01  1.026021e+00
1.260000e+01  1.014708e+00
1.270000e+01  1.003854e+00
1.280000e+01  9.922041e-01
1.290000e+01  9.831368e-01
1.300000e+01  9.751179e-01
1.310000e+01  9.709988e-01
1.320000e+01  9.687465e-01
1.330000e+01  9.706300e-01
1.340000e+01  9.740856e-01
1.350000e+01  9.808941e-01
1.360000e+01  9.880729e-01
1.370000e+01  9.971222e-01
1.380000e+01  1.004886e+00
1.390000e+01  1.012880e+00
1.400000e+01  1.018105e+00
1.410000e+01  1.022390e+00
1.420000e+01  1.023170e+00
1.430000e+01  1.022742e+00
1.440000e+01  1.019062e+00
1.450000e+01  1.014823e+00
1.460000e+01  1.008360e+00
1.470000e+01  1.002525e+00
1.480000e+01  9.957674e-01
1.490000e+01  9.908344e-01
1.500000e+01  9.860412e-01
1.510000e+01  9.838521e-01
1.520000e+01  9.823035e-01
1.530000e+01  9.835179e-01
1.540000e+01  9.852211e-01
1.550000e+01  9.892424e-01
1.560000e+01  9.930676e-01
1.570000e+01  9.983634e-01
1.580000e+01  1.002526e+00
1.590000e+01  1.007237e+00
1.600000e+01  1.009987e+00
1.610000e+01  1.012634e+00
1.620000e+01  1.012910e+00
1.630000e+01  1.012929e+00
1.640000e+01  1.010706e+00
1.650000e+01  1.008574e+00
1.660000e+01  1.004758e+00
1.670000e+01  1.001687e+00
1.680000e+01  9.976590e-01
1.690000e+01  9.950517e-01
1.700000e+01  9.920993e-01
1.710000e+01  9.910212e-01
1.720000e+01  9.898967e-01
1.730000e+01  9.907473e-01
1.740000e+01  9.914741e-01
1.750000e+01  9.939266e-01
1.760000e+01  9.958696e-01
1.770000e+01  9.990575e-01
1.780000e+01  1.001207e+00
1.790000e+01  1.004082e+00
1.800000e+01  1.005453e+00
1.810000e+01  1.007180e+00
1.820000e+01  1.007172e+00
1.830000e+01  1.007427e+00
1.840000e+01  1.006011e+00
1.850000e+01  1.005045e+00
1.860000e+01  1.002713e+00
1.870000e+01  1.001193e+00
1.880000e+01  9.987128e-01
1.890000e+01  9.974261e-01
1.900000e+01  9.955282e-01
1.910000e+01  9.950859e-01
1.920000e+01  9.942088e-01
1.930000e+01  9.948507e-01
1.940000e+01  9.950211e-01
1.950000e+01  9.965743e-01
1.960000e+01  9.974433e-01
1.970000e+01  9.994273e-01
1.980000e+01  1.000433e+00
1.990000e+01  1.002262e+00
2.000000e+01  1.002853e+00
2.010000e+01  1.004059e+00
2.020000e+01  1.003894e+00
2.030000e+01  1.004287e+00
2.040000e+01  1.003336e+00
2.050000e+01  1.003040e+00
2.060000e+01  1.001564e+00
2.070000e+01  1.000937e+00
2.080000e+01  9.993512e-01
2.090000e+01  9.988256e-01
2.100000e+01  9.975361e-01
2.110000e+01  9.974552e-01
2.120000e+01  9.967137e-01
2.130000e+01  9.972220e-01
2.140000e+01  9.970569e-01
2.150000e+01  9.980738e-01
2.160000e+01  9.983077e-01
2.170000e+01  9.995827e-01
2.180000e+01  9.999192e-01
2.190000e+01  1.001141e+00
2.200000e+01  1.001284e+00
2.210000e+01  1.002198e+00
2.220000e+01  1.001956e+00
2.230000e+01  1.002448e+00
2.240000e+01  1.001790e+00
2.250000e+01  1.001908e+00
2.260000e+01  1.000953e+00
2.270000e+01  1.000867e+00
2.280000e+01  9.998183e-01
2.290000e+01  9.997452e-01
2.300000e+01  9.988103e-01
2.310000e+01  9.989300e-01
2.320000e+01  9.982471e-01
2.330000e+01  9.986483e-01
2.340000e+01  9.982512e-01
2.350000e+01  9.989158e-01
2.360000e+01  9.987396e-01
2.370000e+01  9.995664e-01
2.380000e+01  9.994852e-01
2.390000e+01  1.000338e+00
2.400000e+01  1.000217e+00
2.410000e+01  1.000973e+00
2.420000e+01  1.000714e+00
2.430000e+01  1.001304e+00
2.440000e+01  1.000867e+00
2.450000e+01  1.001283e+00
2.460000e+01  1.000687e+00
2.470000e+01  1.000969e+00
2.480000e+01  1.000273e+00
2.490000e+01  1.000490e+00
2.500000e+01  9.997659e-01
2.510000e+01  9.999882e-01
2.520000e+01  9.993011e-01
2.530000e+01  9.995857e-01
2.540000e+01  9.989818e-01
2.550000e+01  9.993644e-01
